0.0641607
0.0685897
0.0932742
0.0941949
0.0306212
0.0903768
0.0367277
0.0303807
0.0279306
0.0794977
0.0673472
0.0772047
0.0383417
0.043995
0.0881508
0.0645915
0.0784544
0.0328076
0.0495077
0.0730064
0.0636105
0.112782
0.0109099
0.03975
0.0339985
0.0536308
0.0210932
0.124508
0.0337033
0.0587739
0.0349847
0.00158491
0.00441778
0.08951
0.0636674
0.0475983
0.0497396
0.0950807
0.0875145
0.0466047
0.0987711
0.0777397
0.0451758
0.00607996
0.0194064
0.0526144
0.09349
0.0673166
0.0147092
0.0939353
0.0759275
0.00717397
0.127039
0.0691783
0.027379
0.0498954
0.081418
0.0487493
0.10953
0.036801
0.0442085
0.0223357
0.0813926
0.00986611
0.089359
0.0848728
0.0539264
0.0336684
0.0400585
0.0431502
0.0873006
0.0396564
0.0735617
0.0997224
0.0450225
0.0676314
0.0837654
0.0504939
0.000910347
0.00427676
0.00745257
0.0578763
0.00832877
0.0761442
0.153274
0.0679802
0.0593566
0.0238627
0.043881
0.113907
0.0693983
0.00794857
0.0675891
0.00953026
0.00832871
0.0198169
0.0520158
0.0243369
0.0408391
0.0575603
0.0189216
0.0214068
0.0640095
0.00527297
0.00400141
0.0345653
0.0849558
0.0283681
0.0530521
0.0121594
0.0437795
0.0693777
0.0376049
0.0477839
0.0388924
0.0590381
0.0150989
0.0123808
0.0397048
0.0607434
0.0623373
0.0263304
0.0301853
0.0845306
0.0278901
0.0732012
0.0574353
0.0724227
0.0445699
0.0329348
0.0440998
0.0630576
0.00798188
0.0214678
0.0646513
0.109063
0.0462077
0.091874
0.00970744
0.0758932
0.0660656
0.0355735
0.0718875
0.0202949
0.11691
0.0642199
0.0848849
0.025829
0.0402239
0.00994622
0.0891099
0.0966237
0.0403354
0.00246882
0.0337767
0.0504649
0.0604626
0.0440013
0.0395012
0.0428301
0.0356355
0.05108
0.0305112
0.00512554
0.0212825
0.0786139
0.0699488
0.0315785
0.0638686
0.054178
0.0218879
0.172509
0.0704727
0.0528831
0.0194189
0.0464456
0.0448022
0.0507063
0.0654612
0.0129909
0.0841536
0.0435072
0.00654681
0.0723747
0.128561
0.0296373
0.0572439
0.00404577
0.0407024
0.0515815
0.0501256
0.0626134
0.0693371
0.0571477
0.0296075
0.0555812
0.0550933
0.0384566
0.0024348
0.0343108
0.00554586
0.0671728
0.0448505
0.0774933
0.115538
0.0325743
0.10502
0.0343066
0.0491771
0.0559662
0.0413428
0.100502
0.194262
0.130919
0.00324746
0.0409471
0.0934629
0.00784066
0.132826
0.189053
0.0596379
0.0712294
0.00649324
0.0134007
0.12906
0.0772362
0.0343968
0.0606889
0.078025
0.0497237
0.00141942
0.0449762
0.0686026
0.0339279
0.0169915
0.128569
0.0420586
0.0704877
0.0425544
0.162454
0.00930082
0.0629736
0.0473078
0.12946
0.0457175
0.0212494
0.00958635
0.0185478
0.0353865
0.0637813
0.0228661
0.0262234
0.0268216
0.0624775
0.0856853
0.10526
0.0834502
0.0585407
0.116231
0.102484
0.0542263
0.0116457
0.0702126
0.0846367
0.13139
0.0172711
0.00802262
0.0218528
0.144268
0.196063
0.0777572
0.051861
0.0439088
0.0608026
0.164035
0.0372898
0.123037
0.102358
0.0285642
0.0543977
0.0834542
0.0908129
0.013253
0.0886265
0.00267717
0.0416564
0.093256
0.0652429
0.0410588
0.0186185
0.0494616
0.055938
0.0223803
0.0888839
0.0869583
0.0457858
0.0306854
0.0250941
0.136273
0.0307085
0.0633275
0.0312125
0.0114752
0.0552547
0.051984
0.0828952
0.10631
0.203107
0.0919709
0.0804991
0.0738666
0.0581945
0.0675331
0.0904654
0.0187963
0.0520846
0.0737735
0.0346576
0.0558495
0.0727448
0.0332813
0.0213004
0.0746753
0.0182775
0.0971026
0.0571361
0.0193775
0.078096
0.0525974
0.0351171
0.0510476
0.031387
0.0682742
0.0570383
0.0389504
0.0833766
0.0252044
0.0748494
0.077621
0.0863518
0.076258
0.0440094
0.0354638
0.0377625
0.0555013
0.0983562
0.0671028
0.090064
0.0994273
0.0938569
0.0314858
0.105487
0.0639999
0.0296249
0.0726508
0.0430622
0.0276514
0.0112772
0.0511012
0.154361
0.0755109
0.0319243
0.0529209
0.113438
0.0531119
0.0131691
0.0300154
0.0872729
0.00875234
0.0109207
0.00418674
0.0165084
0.0268426
0.0493924
0.100634
0.0744381
0.0512049
0.129685
0.0680637
0.0585942
0.00270059
0.0188775
0.00996769
0.204994
0.00773008
0.0953192
0.0428294
0.0208594
0.0364864
0.107865
0.0901579
0.031982
0.127282
0.0239427
0.0801232
0.0386571
0.062852
0.0185337
0.0566196
0.0301986
0.0698952
0.0387424
0.0718544
0.061766
0.00261517
0.107486
0.0989017
0.0673302
0.0653773
0.0228238
0.0420072
0.0490776
0.0579074
0.0632811
0.163831
0.0418313
0.200836
0.0603591
0.0326318
0.0508351
0.0489239
0.0108703
0.061744
0.0307105
0.0485477
0.0578637
0.17592
0.0657596
0.060921
0.0301194
0.0156382
0.0701381
0.0311014
0.0674911
0.112794
0.102018
0.00957738
0.0198424
0.0243042
0.06775
0.070559
0.174539
0.0119584
0.108966
0.0165487
0.029486
0.0421673
0.0682288
0.0462614
0.0758384
0.0716793
0.074599
0.053773
0.00627715
0.0702415
0.125223
0.0885117
0.0662996
0.0360181
0.0107279
0.051836
0.0659488
0.0137647
0.0409837
0.146981
0.0863034
0.0201185
0.0869549
0.0416512
0.0367842
0.0565165
0.0455345
0.0117404
0.00200859
0.0489117
0.0824681
0.068554
0.0693705
0.0667083
0.0712002
0.0342122
0.0337883
0.0775963
0.0668391
0.091178
0.0473049
0.0511955
0.0261597
0.0445451
0.0627365
0.0325935
0.0735916
0.0488357
0.0255843
0.0689528
0.112973
0.0802906
0.0680451
0.0569759
0.0529339
0.0575001
0.06279
0.106403
0.061419
0.0293832
0.0971623
0.0569277
0.109632
0.0314635
0.0488276
0.0899043
0.0813331
0.181199
0.0349646
0.0703638
0.056137
0.16579
0.166376
0.0890909
0.0447296
0.036652
0.0624391
0.179304
0.0473299
0.0393267
0.0786556
0.000620069
0.0914092
0.111329
0.057606
0.046261
0.0268819
0.0521576
0.0656616
0.0244582
0.0339071
0.00918358
0.029393
0.0514201
0.0836765
0.00830218
0.0575364
0.00792554
0.0423744
0.109297
0.131401
0.0380631
0.106494
0.0434908
0.104296
0.000274802
0.0524813
0.0223784
0.0538046
0.0255059
0.0326738
0.0701535
0.0132147
0.0896869
0.132672
0.0375187
0.0172222
0.00240346
0.127069
0.208752
0.0569724
0.0295314
0.0376845
0.051469
0.0479337
0.0816747
0.0149504
0.0271352
0.146757
0.0889601
0.0800223
0.0283272
0.0473921
0.0221846
0.0776795
0.0902885
0.0550084
0.0716657
0.0335452
0.0729647
0.0977943
0.0600132
0.0268189
0.0558488
0.048313
0.0410706
0.0809082
0.0482222
0.0476179
0.0845184
0.0958566
0.00614334
0.0364913
0.0700532
0.0603347
0.0510081
0.0544715
0.0892141
0.00767233
0.028134
0.00277479
0.0689858
0.021801
0.0350725
0.0300815
0.019089
0.0658525
0.0391469
0.0513955
0.0619959
0.076396
0.051167
0.0667782
0.0701963
0.0769893
0.264117
0.144185
0.115483
0.0611539
0.0675702
0.0354307
0.020751
0.0228199
0.139631
0.05725
0.00393644
0.0199623
0.0658346
0.0867281
0.0493305
0.0305583
0.014673
0.0174621
0.0542137
0.0572847
0.00546542
0.0992952
0.101917
0.0523035
0.0870808
0.0305967
0.0690419
0.0837848
0.14196
0.0580504
0.0611239
0.011438
0.193758
0.241436
0.0496152
0.0884841
0.0190879
0.00166405
0.0600427
0.00622605
0.0273967
0.0275186
0.0475723
0.144301
0.180728
0.103541
0.00163963
0.055678
0.0614208
0.0529221
0.0628287
0.0235633
0.143443
0.0617111
0.035674
0.0707199
0.00509901
0.0165879
0.0534741
0.0172039
0.108224
0.020319
0.0706545
0.0974559
0.0962684
0.0612819
0.000831017
0.0819981
0.040847
0.0404713
0.0381276
0.0350197
0.10306
0.0609643
0.0898581
0.0748214
0.0210016
0.0689945
0.0702314
0.0345621
0.0740181
0.05258
0.0782044
0.0472048
0.0628224
0.044203
0.087643
0.0835696
0.0938404
0.117489
0.0639088
0.0648247
0.0408054
0.0611893
0.0634795
0.0740619
0.0147686
0.00828168
0.0735451
0.0825067
0.0486764
0.0256972
0.0738576
0.119069
0.094924
0.206846
0.111394
0.0161983
0.077106
0.0111295
0.0259623
0.0364368
0.046697
0.0444969
0.162286
0.184746
0.0826174
0.0542835
0.0929046
0.0483156
0.044167
0.0438786
0.0731049
0.426581
0.0619458
0.0682716
0.0786008
0.0411141
0.0711844
0.0865145
0.0403569
0.0413105
0.0740415
0.0312597
0.000841911
0.0401755
0.0626164
0.0340167
0.0459561
0.0188993
0.0530474
0.0342823
0.0351975
0.0633868
0.0653008
0.0825638
0.0022847
0.0205206
0.0483907
0.0774794
0.066586
0.0653603
0.012385
0.0879328
0.0701584
0.167512
0.215243
0.00909004
0.00289249
0.0195899
0.0684317
0.0892251
0.218658
0.0921422
0.0563471
0.0797769
0.0662291
0.0358352
0.0773537
0.00203859
0.00223553
0.0726148
0.0396009
0.0712868
0.165481
0.00954528
0.112681
0.0737862
0.131162
0.13935
0.0108037
0.175236
0.0121725
0.059545
0.0156414
0.0302143
0.0556244
0.0951657
0.0931038
0.0902757
0.019312
0.0216114
0.0193527
0.0206758
0.0890011
0.0416855
0.0527309
0.0532893
0.0924324
0.0381977
0.022065
0.05193
0.0293117
0.00739414
0.135013
0.183685
0.0219784
0.00802728
0.0318713
0.0896092
0.0129741
0.0486333
0.00643049
0.0288047
0.0964667
0.000201338
0.105827
0.0664171
0.0377802
0.0795035
0.077215
0.0042795
0.0672908
0.00991558
0.0660012
0.0510163
0.23673
0.0660052
0.0755793
0.0874
0.0768351
0.024389
0.0123177
0.0721796
0.0260132
0.0652284
0.0464501
0.0738369
0.010097
0.0777597
0.113123
0.0208282
0.0390829
0.0194392
0.00416949
0.0943502
0.068676
0.0615061
0.0662306
0.0354659
0.00239583
0.0572473
0.197908
0.00887604
0.0539184
0.0742082
0.0359875
0.0943077
0.0575725
0.052053
0.0580085
0.038729
0.0969836
0.0229224
0.0436356
0.0283329
0.0122966
0.0746992
0.0573918
0.0323833
0.0196326
0.07292
0.337697
0.0272505
0.0189933
0.0388422
0.00188126
0.201784
0.0708311
0.0634784
0.0177184
0.0056602
0.0795182
0.0397754
0.0488954
0.00377838
0.0347062
0.103551
0.0717956
0.03874
0.0449505
0.219055
0.0652704
0.0745945
0.0196548
0.0523527
0.0150102
0.0254909
0.0496231
0.0566859
0.0320221
0.105856
0.015982
0.0284844
0.0259439
0.0321497
0.103756
0.0369431
0.129548
0.0572958
0.0828275
0.0255959
0.123666
0.0586211
0.052965
0.00798668
0.0370148
0.100345
0.255518
0.0856148
0.0864261
0.0115037
0.0607218
0.0333813
0.0305577
0.0477746
0.0774856
0.0995386
0.0277212
0.0850039
0.0950232
0.096009
0.364395
0.131498
0.0112667
0.101292
0.0400516
0.0673099
0.0716769
0.038569
0.0496214
0.0286132
0.0186624
0.0379734
0.138661
0.122309
0.0246111
0.0508238
0.0131368
0.0672248
0.0958352
0.0435516
0.0124706
0.0354814
0.172881
0.00383112
0.0209994
0.0265206
0.0800594
0.00581757
0.0641771
0.0447766
0.104049
0.0435601
0.0820495
0.182831
0.026091
0.124084
0.296703
0.133827
0.065791
0.00793422
0.0896743
0.0647462
0.013579
0.040504
0.163071
0.183265
0.0819317
0.0892581
0.0666348
0.0405486
0.0635607
0.0612662
0.027424
0.0431793
0.0399511
0.0521595
0.0449164
0.21989
0.0285212
0.0316362
0.0128695
0.0144097
0.0521445
0.0319974
0.0920195
0.0426197
0.0493633
0.0517961
0.0344299
0.160607
0.0904392
0.00611434
0.0514213
0.0351138
0.0930995
0.0574734
0.196773
0.066938
0.025368
0.0105429
0.0555582
0.0785743
0.0409641
0.00104964
0.0778545
0.104648
0.000390643
0.0552424
0.0333835
0.0514259
0.0474294
0.01662
0.0113328
0.115077
0.0780122
0.147226
0.0289065
0.132388
0.027224
0.0509676
0.0112649
0.0921042
0.00441519
0.0565801
0.0845807
0.0688962
0.0493452
0.146547
0.0119105
0.0484797
0.122168
0.00509275
0.116564
0.0386187
0.0668945
0.110154
0.0447869
0.0746773
0.0398842
0.0615411
0.0575823
0.00539344
0.043891
0.000342494
0.0170959
0.0562779
0.0692675
0.146198
0.0597764
0.00859107
0.0658806
0.00913296
0.0285511
0.0475963
0.106509
0.0925097
0.0739412
0.0369807
0.0502004
0.0137649
0.151091
0.0456455
0.0966015
0.117084
0.0657703
0.0593752
0.0152105
0.0560569
0.0676484
0.0477033
0.0273358
0.0623591
0.0261151
0.0709427
0.0294217
0.245549
0.00693916
0.0403388
0.0438107
0.0791286
0.0553976
0.0739631
0.200833
0.0617032
0.00358104
0.0685992
0.0962131
0.100339
0.104714
0.228781
0.113478
0.048066
0.00629747
0.0898009
0.0118075
0.0961294
0.0793773
0.0782424
0.0883478
0.0752263
0.100507
0.0708925
0.299681
0.226621
0.0444983
0.083394
0.117885
0.0940202
0.00765575
0.00488556
0.0997159
0.0739676
0.0942241
0.391124
0.0646587
0.0598565
0.0447276
0.0296209
0.0704474
0.0726006
0.106312
0.0348813
0.292404
0.0958288
0.0374638
0.0386314
0.079439
0.0154697
0.00642919
0.0436317
0.020372
0.037916
0.0453294
0.326008
0.0920764
0.0683744
0.05791
0.0419263
0.070653
0.0389131
0.104053
0.173029
0.0837783
0.0319625
0.0270428
0.0352305
0.0504091
0.19775
0.050629
0.0788287
0.0581082
0.00963936
0.168804
0.021379
0.0944783
0.0368092
0.00378526
0.0779569
0.238191
0.0576225
0.0127324
0.0140774
0.0413409
0.00114331
0.0550556
0.196871
0.126626
0.0708695
0.0389581
0.00123913
0.0613859
0.0706566
0.0830632
0.02841
0.116767
0.0301188
0.119146
0.0274185
0.055087
0.0350558
0.0112773
0.145698
0.0571193
0.0327328
0.00961081
0.049368
0.0406475
0.0722923
0.0384668
0.0768422
0.0265349
0.0583543
0.0191403
0.0937752
0.0188933
0.0807708
0.0795317
0.0495378
0.0246941
0.0257282
0.0757812
0.063506
0.0471599
0.0561771
0.0864109
0.0388685
0.0641358
0.0755899
0.00458039
0.335812
0.180195
0.0965954
0.106548
0.0104527
0.0584392
0.0120703
0.117361
0.0446729
0.128786
0.16522
0.0935685
0.110629
0.0565467
0.0186071
0.0329493
0.072924
0.152931
0.0769482
0.0689029
0.0502515
0.123078
0.0805095
0.0448711
0.00974122
0.0166614
0.0626884
0.0822175
0.0695973
0.0181132
0.0346891
0.0422409
0.0778237
0.0359093
0.12309
0.0533935
0.11518
0.0749714
0.0172867
0.0949522
0.0148217
0.0353509
0.0454472
0.13047
0.0382654
0.0522286
0.0120851
0.0054571
0.0710485
0.0507566
0.0423753
0.0854582
0.00538778
0.228036
0.062194
0.0471818
0.0350478
0.0509559
0.131893
0.0115414
0.111339
0.0953926
0.0127008
0.0787403
0.0812839
0.0121186
0.0921526
0.00422571
0.0393963
0.11358
0.00491496
0.0565014
0.00832729
0.0417725
0.127056
0.143998
0.110621
0.0397211
0.0721765
0.0472027
0.0669634
0.0274167
0.0441123
0.0557083
0.127485
0.0707532
0.0116239
0.0968146
0.10236
0.0570136
0.104151
0.384276
0.133476
0.0167371
0.0271174
0.0267937
0.0740131
0.280445
0.0715814
0.014091
0.0723204
0.222891
0.0208496
0.05503
0.0351679
0.217137
0.107312
0.114646
0.00405561
0.0481615
0.0652087
0.0938634
0.0682425
0.132292
0.0491346
0.0503843
0.0615007
0.00990643
0.0666778
0.0586041
0.0238092
0.0865786
0.045229
0.0249003
0.0304625
0.0537929
0.0576987
0.0642624
0.31413
0.256942
0.119701
0.0088146
0.0881563
0.00327086
0.0343501
0.257236
0.0726119
0.0448852
0.181752
0.443194
0.0287911
0.00501476
0.0515715
0.0394761
0.144207
0.0438591
0.0255562
0.0528291
0.0549998
0.00200584
0.0968801
0.012933
0.365875
0.0911594
0.00843605
0.060344
0.17195
0.0680919
0.045078
0.037606
0.0574189
0.0403481
0.153669
0.0455445
0.0352373
0.029086
0.0812603
0.0548529
0.0844261
0.0125119
0.147953
0.212335
0.0451133
0.0559747
0.0750212
0.0295408
0.10775
0.150824
0.0711763
0.0377624
0.0792717
0.006428
0.000682536
0.0426724
0.0720518
0.0753041
0.122654
0.0322539
0.0686374
0.0209016
0.0822129
0.0365578
0.0656684
0.0535897
0.00346474
0.0801543
0.172046
0.0726494
0.00392847
0.138939
0.012516
0.0337528
0.122608
0.0114751
0.0327251
0.00237449
0.0211747
0.119147
0.0297577
0.0241297
0.0130512
0.13413
0.0838655
0.121453
0.111299
0.0246229
0.0676792
0.199504
0.0242455
0.0608525
0.066825
0.11049
0.0735487
0.0560164
0.108728
0.0449455
0.32048
0.0031931
0.0172301
0.111391
0.0510432
0.166499
0.0436193
0.115635
0.128187
0.0289042
0.321839
0.0430709
0.0765881
0.0104566
0.069764
0.0407493
0.271669
0.188768
0.0308207
0.0625488
0.0913591
0.0841208
0.00703728
0.134174
0.239149
0.0626642
0.0280484
0.0458267
0.00722384
0.34933
0.0460021
0.175911
0.0348978
0.107607
0.200535
0.0641589
0.0103429
0.105345
0.0563662
0.0230367
0.0781132
0.106052
0.386251
0.0533228
0.0209826
0.0127895
0.0361801
0.047106
0.105498
0.00294755
0.118972
0.0721682
0.318354
0.107402
0.0694592
0.0921647
0.0339138
0.0633316
0.0203556
0.0789375
0.042101
0.0266828
0.0772659
0.165279
0.331005
0.0187499
0.0353077
0.0457346
0.0452114
0.0516519
0.0270675
0.130657
0.0781291
0.020697
0.093653
0.0836885
0.256491
0.048579
0.0504786
0.042298
0.108632
0.0582138
0.0495007
0.0814601
0.0752058
0.00416426
0.0814709
0.0712952
0.0270405
0.114918
0.0355016
0.042854
0.14016
0.101853
0.0679217
0.0543663
0.047051
0.0219316
0.00914171
0.089742
0.169098
0.107384
0.0670718
0.0585522
0.0421181
0.0117324
0.253725
0.0869826
0.0569909
0.229296
0.00135898
0.0767299
0.00839505
0.0540209
0.00618733
0.0909644
0.0613088
0.0746042
0.0843759
0.0728125
0.0978701
0.0412391
0.0799415
0.845148
0.118523
0.0278974
0.0772358
0.0781989
0.0758043
0.0187316
0.088605
0.0353788
0.0105461
0.104308
0.0310805
0.01034
0.10584
0.125647
0.094871
0.0441548
0.151319
0.692054
0.146955
0.0330562
0.166953
0.0401532
0.0337503
0.088933
0.00824645
0.0515448
0.00403959
0.106476
0.0341336
0.249779
0.022658
0.0450283
0.0791377
0.0511394
0.0441769
0.0522342
0.0109235
0.0592349
0.154331
0.0514465
0.0263419
0.180891
0.015523
0.175374
0.0601674
0.0348852
0.0884304
0.0225029
0.0226652
0.136439
0.035933
0.0174517
0.0614417
0.0684835
0.162264
0.122782
0.109183
0.0552238
0.0505008
0.00182625
0.46075
0.0245342
0.146657
0.0276512
0.0420864
0.0606891
0.0375025
0.0731216
0.00726371
0.549276
0.0996931
0.0971803
0.08716
0.0588733
0.115245
0.267111
0.0789884
0.0123905
0.148604
0.0649076
0.0292603
0.317597
0.0928816
0.0469748
0.0912099
0.0346853
0.159156
0.0230702
0.0976095
0.0177283
0.12095
0.273376
0.180856
0.0478324
0.061208
0.0337556
0.0163292
0.095181
0.127201
0.0123892
0.178708
0.00168993
0.143298
0.0949896
0.123431
0.0774616
0.0912951
0.0791146
0.0877722
0.300806
0.0542345
0.0874322
0.0455237
0.109849
0.152501
0.058662
0.0110445
0.0432136
0.0900001
0.143053
0.10016
0.224682
0.117963
0.248947
0.113977
0.111441
0.115578
0.046266
0.0803424
0.0129017
0.0859599
0.0770692
0.0252913
0.0269
0.143841
0.0516423
0.131918
0.0317018
0.10903
0.00696305
0.00284357
0.164559
0.0954142
0.0929043
0.0517161
0.062962
0.00680932
0.0291971
0.105499
0.0936832
0.130555
0.112916
0.0185141
0.111026
0.164347
0.245473
0.105328
0.0675169
0.00220386
0.0419173
0.0107353
0.0465633
0.00230238
0.0322791
0.295074
0.260368
0.0396304
0.112603
0.225015
0.0412818
0.804262
0.0122655
0.00918793
0.0610699
0.0197146
0.0789476
0.0819459
0.0141439
0.00168426
0.0695119
0.0766505
0.0342004
0.128135
0.168672
0.00356867
0.0149879
0.114731
0.0534968
0.0328293
0.103942
0.0327868
0.00422972
0.0488472
0.0820507
0.0427364
0.0190032
0.0413784
0.0607091
0.0156752
0.141204
0.0868151
0.0865003
0.203095
0.0511277
0.183447
0.0647727
0.0453798
0.235178
0.13176
0.411127
0.0835868
0.230993
0.0640086
0.0502484
0.129044
0.0666556
0.0101519
0.0560881
0.0609582
0.0214329
0.0753699
0.0550849
0.061412
0.0172386
0.0658658
0.446632
0.124587
0.13177
0.246065
0.320768
0.140172
0.102093
0.0156885
0.0352879
0.0651998
0.00539291
0.0235103
0.048981
0.0336303
0.0263999
0.0434489
0.0435299
0.127177
0.14215
0.085766
0.111234
0.108953
0.167343
0.121926
0.102442
0.165466
0.595392
0.34561
0.129434
0.0965104
0.123279
0.0238731
0.0749318
0.0562343
0.0567464
0.0235629
0.0712703
0.0306462
0.0546886
0.0473007
0.0238339
0.0676117
0.0436848
0.106825
0.0756372
0.167626
0.102911
0.200964
0.481074
0.303762
0.221966
0.0629186
0.00691434
0.0872311
0.161185
0.210283
0.110224
0.292232
0.024625
0.238508
0.093225
0.108351
0.0566623
0.00468911
0.0417996
0.0630949
0.0271289
0.00210545
0.0690628
0.129132
0.0272584
0.0677094
0.0665538
0.0426921
0.0209103
0.0717458
0.120484
0.107914
0.0463062
0.159416
0.208207
0.0251673
0.0811416
0.631646
0.0550552
0.159443
0.0971173
0.0836484
0.0682103
0.0390709
0.0627035
0.00152964
0.060852
0.0169246
0.0316649
0.0377122
0.0214052
0.0156959
0.0573037
0.0557577
0.0191679
0.150856
0.073431
0.0771816
0.0271603
0.12871
0.0352692
0.50574
0.301159
0.0958271
0.147913
0.28995
0.0859636
0.0139351
0.0708383
0.0301792
0.0816473
0.430816
0.0519402
0.0454451
0.0794169
0.0323597
0.0233283
0.0573018
0.0493147
0.0447827
0.0156584
0.0131756
0.0616999
0.054863
0.111561
0.0879894
0.0496167
0.117717
0.117877
0.0968133
0.199974
0.136154
0.756955
0.161896
0.200969
0.170697
0.115377
0.16014
0.295925
0.0474038
0.0584
0.0738317
0.069207
0.0419003
0.0629413
0.0446107
0.0276591
0.0558628
0.0581458
0.122473
0.0739881
0.152199
0.171241
0.269364
0.0970482
0.189585
0.130388
0.168883
0.0957779
0.0593671
0.0352179
0.419379
0.1729
0.0480328
0.0768004
0.0326249
0.0131645
0.035185
0.0152315
0.0606574
0.0533086
0.0657302
0.146302
0.090943
0.0829853
0.11978
0.355051
0.117123
0.0351228
0.846407
0.0998995
0.134804
0.396018
0.204066
0.123378
0.0723853
0.0243146
0.101914
0.0512391
0.0280569
0.0958956
0.0215576
0.0232658
0.0774241
0.0328838
0.0496505
0.0604225
0.0239205
0.0485658
0.0504387
0.0612394
0.0857413
0.0892568
0.0048298
0.0598376
0.108983
0.175195
0.134158
0.138313
0.258402
0.43205
0.102667
0.196946
0.0202085
0.108891
0.13404
0.144593
0.252608
0.145922
0.157998
0.121308
0.132005
0.0905175
0.278288
0.429064
0.278902
0.00942695
0.0317183
0.130923
0.0257327
0.0418046
0.066059
0.0207731
0.00511681
0.00863727
0.00967446
0.0278613
0.0306158
0.00617098
0.0387287
0.0581672
0.105002
0.276933
0.251875
0.339319
0.072464
0.141885
0.0925297
0.0576831
1.08746
0.159186
0.134768
0.132318
0.075959
0.0768935
0.129283
0.0470817
0.0821359
0.12619
0.0468812
0.132899
0.0300734
0.101328
0.174638
0.0429081
0.064803
0.0285622
0.010653
0.0751168
0.039989
0.0338511
0.0291177
0.0411929
0.0681728
0.100215
0.0757292
0.0447211
0.0109727
0.126826
0.109618
0.325646
0.380825
0.271388
0.0516517
0.0503756
0.0392248
0.107095
0.0869746
0.0583955
0.199423
0.00284819
0.18161
0.217448
0.198998
0.0946758
0.172557
0.248197
0.287111
0.7386
0.1171
0.0745415
0.0880677
0.160275
0.0940203
0.0626069
0.174792
0.0242742
0.0187494
0.118993
0.0744028
0.0574122
0.089967
0.0350403
0.0657859
0.0750167
0.0844112
0.0736058
0.074976
0.127476
0.396537
0.0653417
0.14656
0.123561
0.464509
0.0572342
0.0787891
0.012511
0.112604
1.14906
0.482636
0.284431
0.160356
0.0366164
0.0335263
0.0600038
0.0329196
0.0449235
0.0820115
0.0487444
0.170663
0.0387516
0.0441678
0.035668
0.0676433
0.0623954
0.0572084
0.0152555
0.00868755
0.0424385
0.0902226
0.127071
0.0547965
0.171765
0.124241
0.0421874
0.0189587
0.225729
0.141871
0.300644
0.110008
0.147328
0.0552254
0.0845607
0.240185
1.54419
0.056805
0.270973
0.29324
0.0897234
0.122989
0.203233
0.160783
0.193608
0.851796
2.92569
0.0862124
0.123837
0.0290788
0.0341757
0.0205225
0.0798331
0.092907
0.0333992
0.062471
0.0212135
0.0805992
0.0717834
0.0340872
0.058385
0.0369006
0.0305485
0.00746967
0.0397427
0.0205873
0.0698041
0.0927947
0.0517264
0.0835
0.110473
0.188064
0.110944
0.0500901
0.0942638
0.177019
0.537284
0.373664
0.148247
0.192217
0.150077
0.0692659
0.103323
0.267563
0.129539
0.209947
0.0983449
0.388943
0.0817101
0.0601709
0.0796039
0.137851
0.082597
0.127885
0.0875792
0.0585622
0.0479216
0.0652489
0.036408
0.0772126
0.0603866
0.0437895
0.068815
0.0481664
0.0148061
0.0602653
0.0579252
0.038435
0.0574918
0.0791929
0.0276727
0.17915
0.144677
0.121132
0.199119
0.372118
0.601922
0.06804
0.164177
0.404268
0.269695
0.0243662
0.311861
0.00452069
0.402465
0.140614
0.0605654
0.0303947
0.0634206
0.0117178
0.00595785
0.0363002
0.0115034
0.0501333
0.0249557
0.0718416
0.0114249
0.048972
0.00985968
0.00879001
0.0605311
0.0507414
0.0458848
0.0567729
0.0852663
0.178001
0.0458606
0.3072
0.70314
0.149652
0.0839145
0.113679
0.115011
0.183627
0.00695911
0.642054
0.0772036
0.00950342
0.25571
0.0968079
0.0813263
0.169245
1.12533
0.122351
0.126121
0.0232942
0.0865946
0.0209575
0.0922929
0.0272382
0.0274693
0.0399363
0.0738632
0.0244035
0.0748355
0.0458503
0.0106178
0.0713077
0.075409
0.0243794
0.0310135
0.0286294
0.0505997
0.0222312
0.0858815
0.0670649
0.0203469
0.038704
0.0211201
0.0408643
0.00744324
0.0213676
0.110433
0.00464119
0.174061
0.195418
0.0978241
0.683117
0.15285
0.175488
0.136686
0.0749029
0.184527
0.0903396
0.0769075
0.42326
0.126492
0.0745872
0.381028
0.150045
0.164284
0.0474256
0.0919875
0.0544134
0.0230947
0.0913449
0.00406171
0.0791368
0.0632463
0.0420419
0.00224565
0.0376528
0.00999304
0.0481227
0.063187
0.0637757
0.0380873
0.0135069
0.00559494
0.0284058
0.043311
0.0679102
0.0397603
0.0781716
0.108149
0.32981
0.510048
0.147709
0.151937
0.191349
0.252921
0.11937
0.190461
0.144139
0.322289
0.132525
0.105394
0.0494885
0.0473561
0.000973685
0.0184028
0.0449461
0.0954962
0.0426344
0.0438225
0.109851
0.0166067
0.010756
0.0573352
0.0806249
0.0617202
0.0478705
0.0734905
0.0595771
0.0349527
0.0992313
0.10991
0.104685
0.0965758
0.0835317
0.244074
0.477865
0.109932
0.197326
0.0999616
0.0766026
0.308746
0.877075
0.197625
0.106829
0.0808733
0.0530722
0.0917514
0.0278167
0.0608786
0.0369347
0.00534076
0.00508619
0.0826612
0.097199
0.0841144
0.0663449
0.0566835
0.0228603
0.0378041
0.0376125
0.0544231
0.0594593
0.181739
0.0574887
0.0412515
0.0474667
0.0482366
0.0614236
0.0552458
0.0204478
0.0999588
0.0500662
0.106307
0.277928
0.26934
0.164956
0.135547
0.117491
0.0989576
0.221521
0.0860686
0.107022
0.187686
0.15437
0.0406956
0.0868085
0.167964
0.0202159
0.0431807
0.0944594
0.0798051
0.00117321
0.0679094
0.0781674
0.0684289
0.0120607
0.0298462
0.0177609
0.00879959
0.0412734
0.0330583
0.0564556
0.0439311
0.0409911
0.00340162
0.0549634
0.0653031
0.035355
0.0387356
0.051102
0.0672249
0.0324722
0.00455679
0.0181417
0.119405
0.0744841
0.0829902
0.0844167
0.226625
0.27249
0.0748297
0.175053
0.299803
0.137171
0.12269
0.148393
0.300432
0.555425
0.121915
0.143119
0.0241025
0.0516359
0.0502042
0.153663
0.0814123
0.0771077
0.0765264
0.0475186
0.0491445
0.0596726
0.0168738
0.00135845
0.0622857
0.0415393
0.0307929
0.021829
0.0507161
0.0335131
0.0195655
0.039394
0.0471327
0.0336981
0.0679781
0.0350564
0.0258277
0.0538779
0.0566357
0.0890186
0.101474
0.02757
0.152119
0.240767
0.138082
0.122076
0.32159
0.0366728
0.200529
0.105177
0.0261905
0.0571552
0.0559938
0.029524
0.15875
0.0605967
0.0523736
0.0342931
0.0534498
0.0766352
0.0818577
0.0466126
0.013732
0.0222871
0.0785061
0.0561598
0.0241432
0.0474254
0.025889
0.0354096
0.0218212
0.0300174
0.0651032
0.0673348
0.062749
0.0483535
0.107351
0.0975395
0.106386
0.127136
0.314757
0.0934936
0.0101259
0.110236
0.167369
0.0728799
0.372595
0.0166144
0.0590518
0.143357
0.102151
0.138504
0.102361
0.0543618
0.0379731
0.0400969
0.0054188
0.0397043
0.052531
0.00878341
0.0900774
0.0248203
0.00171825
0.114188
0.0374636
0.0469846
0.0172683
0.0426479
0.0175429
0.0365532
0.0442803
0.0677288
0.0923595
0.0970684
0.0654209
0.091559
0.0908493
0.0872239
0.127356
0.438616
0.171467
0.139214
0.413873
0.267356
0.386315
0.00402984
0.305568
0.0509732
0.0111427
0.00571942
0.168394
0.100239
0.0843052
0.054048
0.00573338
0.0823279
0.0961669
0.0299404
0.00223471
0.0478849
0.010833
0.0381425
0.0107765
0.0433262
0.0467227
0.0756303
0.00160486
0.0665803
0.0879596
0.0491255
0.0831816
0.0705791
0.0935919
0.135959
0.10005
0.0979295
0.099986
0.143553
0.18769
0.301044
0.0691598
0.488481
0.153857
0.190173
0.48829
0.366421
0.294294
0.187514
0.00306437
0.167522
0.211012
0.0776099
0.0448701
0.0711121
0.0581354
0.0367846
0.061711
0.0532561
0.0634508
0.00292932
0.0284047
0.000406545
0.0308316
0.0169675
0.0556082
0.123592
0.0171904
0.040071
0.0389095
0.0342637
0.0582789
0.0591938
0.0807387
0.0676533
0.100411
0.144805
0.137337
0.0763422
0.141095
0.161126
0.128718
0.332805
0.153337
0.538906
0.0538736
0.220286
0.358878
0.0500113
0.173283
0.0311892
0.0704105
0.21229
0.579013
0.129359
0.121101
0.134162
0.385813
0.64276
0.070081
0.156647
0.15743
0.270934
0.151482
0.147619
0.0165316
0.0652422
0.0878969
0.0698055
0.0370257
0.0278636
0.0489749
0.0638134
0.0762028
0.00766494
0.0163137
0.0382628
0.0496442
0.0207894
0.000504002
0.0274557
0.0751677
0.199998
0.0622536
0.0930344
0.000886619
0.000892654
0.00796338
0.0292923
0.0579469
0.0356418
0.0485204
0.0449302
0.0294349
0.0364331
0.08032
0.129024
0.110406
0.183141
0.194114
0.205181
0.193206
0.0974636
0.0437392
0.349878
0.390567
0.299765
0.151477
0.105951
0.0162724
0.131164
0.427247
0.0411605
0.304378
0.0187561
0.0993349
0.140506
0.198675
0.159964
0.10704
0.179047
0.119058
0.0922502
0.0858205
0.166004
0.00889402
0.066018
0.0615272
0.00284104
0.016948
0.0457022
0.0572103
0.0310943
0.0608818
0.0578516
0.00595394
0.0285902
0.0448675
0.0407244
0.352104
0.300689
0.0279327
0.222853
0.318235
0.0465193
0.046606
0.073273
0.164013
0.0545232
0.070856
0.0457589
0.0734457
0.0618676
0.0119535
0.121311
0.0501924
0.0578874
0.00893761
0.110575
0.0118371
0.0195702
0.00902087
0.0533137
0.0485772
0.0379227
0.0756073
0.0690151
0.133215
0.206619
0.188739
0.253029
0.0945841
0.210636
0.134617
0.299638
0.228585
0.202799
0.0587971
0.0262793
0.085193
0.138761
0.885481
0.703786
0.172123
0.0443816
0.354616
0.0512262
0.0773953
0.184415
0.0853064
0.167941
0.238804
1.09137
1.0562
0.0176192
0.117849
0.0060164
0.308123
0.140938
0.0522861
0.0340958
0.00349242
0.461121
0.38848
0.177687
0.109911
0.231306
0.828772
0.164764
0.182328
0.0859485
0.134962
0.157343
0.0952194
0.0233965
0.0958586
0.0651186
0.0742232
0.0445568
0.038654
0.0496073
0.0483083
0.0168943
0.0564704
0.0846219
0.00345236
0.103204
0.0579726
0.0745792
0.00802557
0.0205951
0.0359374
0.108253
0.0434539
0.0353641
0.0339223
0.0662567
0.123264
0.0387344
0.0939655
0.0830178
0.214936
0.332306
0.0399805
0.100027
0.137629
0.0796907
0.0692885
0.309328
0.26505
0.0663663
0.21128
0.863029
0.076292
0.182377
0.0210577
0.0465037
0.259012
0.168463
0.218817
0.124997
0.0760032
0.0944791
0.0029216
0.123235
0.00173079
0.121674
0.0940517
0.0376598
0.0474423
0.0397858
0.0544688
0.101613
0.0935024
0.00877393
0.00157587
0.0814712
0.00118216
1.07959
0.0547729
0.00173904
0.0402832
0.0324843
0.00904043
0.0279032
0.0591449
0.0606662
0.0575768
0.0721187
0.264086
0.391467
0.568615
0.516396
0.154607
0.243736
0.169646
0.0806402
0.73136
0.257083
0.0832079
0.262924
0.121879
0.117855
0.31013
0.0535485
0.26406
0.623094
0.736105
0.124948
0.176473
0.200058
0.447678
0.282362
0.074276
0.10442
0.125844
0.0864304
0.0860683
0.0335954
0.0674473
0.111277
0.0888561
0.0586169
0.0764658
0.075578
0.0785919
0.0179361
0.11107
0.116173
0.00722238
0.202958
0.00501505
0.0233658
0.0534123
0.0668983
0.0330642
0.274035
0.302189
0.401023
0.171274
0.181802
0.0801372
0.177621
0.200207
0.478714
0.665373
0.429445
0.194226
0.441155
0.390817
0.165322
0.310072
0.0692452
0.0386409
0.141352
0.102076
0.118999
0.564381
0.172647
0.112282
0.183649
0.37464
0.601563
0.417948
0.301533
0.260786
0.166965
0.0751706
0.0288758
0.146604
0.0689501
0.08178
0.0423147
0.0632669
0.0658769
0.204402
0.0385148
0.11274
0.0399358
0.0545201
0.0771353
0.0998757
0.0315814
0.0402217
0.0383227
0.146072
0.291515
0.108395
0.0615925
0.0744658
0.0754244
0.0847207
0.132016
0.037965
0.07418
0.0647317
0.191486
0.448602
0.239843
0.283069
0.971112
0.123643
0.16494
0.517815
0.687462
0.488483
0.480227
0.217293
0.173857
0.0645365
0.072715
0.0163373
0.0285978
0.134076
0.0938481
0.141364
0.234661
0.265404
0.267599
0.248093
0.283926
0.172093
0.134229
0.0744982
0.165295
0.0811253
0.0817965
0.0123145
0.0579622
0.00952182
0.0244094
0.0658158
0.061581
0.0709815
0.0139509
0.14514
0.117643
0.0614465
0.0604533
0.048694
0.0734605
0.0561103
0.0820891
0.0541584
0.00704598
0.109285
0.162531
0.210852
0.141528
0.0501524
0.0755386
0.0546261
0.0925429
0.0988476
0.163881
0.115221
0.00889009
0.13548
0.164529
0.135631
0.1156
0.211221
0.0400447
0.0359786
0.309171
0.322463
0.244495
0.128241
0.0235017
0.0977174
0.0696573
0.601531
0.143706
0.368015
0.374198
0.150619
0.00287432
0.213021
0.00938729
0.0523738
0.235255
0.129408
0.0850819
0.135628
0.125033
0.122308
0.160217
0.0125714
0.0908529
0.0584503
0.00123235
0.0558815
0.0218414
0.0477805
0.00756676
0.0482577
0.0728283
0.0847237
0.087737
0.0682286
0.0725846
0.0377185
0.0476865
0.0306539
0.0509115
0.0764358
0.229962
0.158888
0.158219
0.0462559
0.260021
0.0293832
0.00173158
0.0131941
0.0583936
0.0290371
0.00820284
0.0521904
0.0645215
0.0579719
0.0671597
0.142064
0.168608
0.0348368
0.019147
0.023636
0.0364356
0.0744961
0.127117
0.118648
0.221326
0.177297
0.0857627
0.0870913
0.0784053
0.721978
0.152832
0.246562
0.0953103
0.277169
0.0705782
0.753493
0.524075
0.0196234
0.165517
0.139545
0.0718752
0.112685
0.0910436
0.0692158
0.0712494
0.0502276
0.0172858
0.00163964
0.0396311
0.0467288
0.0402818
0.0754845
0.0892445
0.0887028
0.0580473
0.0162749
0.085079
0.0233136
0.0205383
0.0122161
0.020454
0.0105314
0.0325133
0.0305662
0.043409
0.0129665
0.0847221
0.115127
0.0528304
0.0621064
0.0178814
0.0346026
0.0700537
0.058479
0.0270898
0.194466
0.150112
0.00547297
0.041484
0.0113878
0.176768
0.0945476
0.208203
0.59478
0.292707
0.0752368
0.503546
0.24977
0.439745
0.59111
0.576603
0.360553
0.162985
0.0169763
0.114167
0.245249
0.00470167
0.103723
0.138782
0.129589
0.207662
0.284721
0.263789
0.26121
0.101111
0.00997009
0.183426
0.0874278
0.108399
0.0851473
0.0642364
0.0880446
0.0392285
0.0501667
0.0390957
0.0647465
0.0371337
0.00241046
0.0387287
0.0225819
0.0571998
0.0298897
0.0275971
0.0337656
0.0619677
0.0459849
0.209785
0.281232
0.0956755
0.223095
0.036729
0.028891
0.0439628
0.00596921
0.024737
0.0730813
0.0322346
0.0819888
0.0372825
0.0632552
0.0840029
0.018849
0.0659922
0.0299193
0.0657939
0.0958007
0.0953488
0.150015
0.155413
0.136016
0.0958547
0.155325
0.0185408
0.268466
0.0984941
0.0251586
0.171459
0.018771
0.734065
0.630204
0.644371
0.0784647
0.0189925
0.472383
0.315899
0.840318
0.21185
0.0543155
0.146687
0.134115
0.156326
0.221573
0.243166
0.025654
0.0642312
0.0377682
0.0578456
0.0420341
0.0247529
0.0384575
0.0389185
0.048288
0.0626444
0.0574544
0.0391878
0.0107695
0.00926603
0.00735999
0.308059
0.0573434
0.0131472
0.0227811
0.00922263
0.00601658
0.0187426
0.0871217
0.0701951
0.0598479
0.0300031
0.0689566
0.0802101
0.0808211
0.175805
0.0738823
0.0695616
0.0305695
0.0113432
0.00367713
0.0419466
0.0542547
0.133601
0.21497
0.94637
0.208379
0.164234
0.104412
0.81607
0.937963
0.00824568
0.155621
0.454393
0.135863
0.514709
0.0310441
0.0788652
0.0884222
0.134008
0.0630516
0.081605
0.117729
0.149817
0.177118
0.0526401
0.025887
0.0645533
0.0778264
0.0557497
0.0857662
0.047106
0.0301681
0.0477547
0.0531277
0.00761599
0.0436419
0.0498583
0.092907
0.0967522
0.0380361
0.0420366
0.241977
0.13553
0.144939
0.169038
0.19462
0.203784
0.0391275
0.0141028
0.0637561
0.0349287
0.0186287
0.0594245
0.0469445
0.0384868
0.0255812
0.0410934
0.101221
0.0562596
0.0899903
0.0186825
0.125263
0.107198
0.189327
0.100566
0.336456
0.495979
0.0688511
0.331117
0.394278
0.188846
0.254198
0.378607
0.301703
0.0740354
0.0807766
0.0748884
0.199415
0.182063
0.120585
0.106473
0.06286
0.108844
0.0634354
0.0731251
0.0214508
0.0406177
0.0446192
0.0166636
0.00480207
0.292978
0.179997
0.0100718
0.00154167
0.0541894
0.0469514
0.151612
0.0572836
0.0846376
0.0838909
0.0460908
0.0490484
0.0753934
0.0499997
0.0766636
0.122587
0.0766533
0.0754859
0.0240614
0.0587926
0.00982189
0.0877137
0.0883157
0.148427
0.372711
0.177111
0.0493097
0.039717
0.407419
0.125278
0.0597629
0.184855
0.111453
0.221631
0.367477
0.0835662
0.302793
0.766317
0.29044
0.208977
0.134947
0.0611838
0.0571174
0.0179601
0.0403913
0.204359
0.0178846
0.103331
0.0726884
0.0178488
0.0952858
0.0923894
0.0604832
0.0302801
0.0928188
0.0895373
0.0796059
0.067053
0.0651107
0.210702
0.236565
0.0306005
0.0410171
0.0244547
0.0415078
0.040407
0.00114907
0.0520385
0.116824
0.0637053
0.0825545
0.0543845
0.0447115
0.0881715
0.146559
0.191812
0.16863
0.126425
0.539733
0.291322
0.0215507
0.219192
0.112728
0.0326756
0.940348
0.101515
0.0116726
0.0243541
0.036712
0.0578122
0.145693
0.212623
0.0890516
0.0882423
0.0688435
0.0593557
0.0417348
0.0079451
0.121859
0.124009
0.0910804
0.042502
0.0332235
0.0748194
0.0343435
0.114044
0.0993616
0.000568936
0.0903457
0.0386679
0.0551278
0.0400395
0.0550543
0.0880016
0.10427
0.12294
0.0674539
0.0242347
0.0641198
0.13534
0.0811552
0.0348974
0.0816892
0.372961
0.190865
0.0538771
0.251521
0.762211
0.230985
0.351556
0.181804
0.0710993
0.23731
0.207758
0.29098
0.255579
0.0233525
0.0307607
0.0393231
0.0584107
0.0587005
0.109529
0.127976
0.117513
0.135417
0.0428259
0.0869472
0.0547556
0.000981802
0.0547085
0.000761378
0.124346
0.0965669
0.0273588
0.0969456
0.016369
0.0492407
0.0747547
0.0113877
0.0325824
0.0619913
0.0949743
0.0606653
0.024632
0.0671342
0.0158127
0.0163616
0.0475981
0.00767507
0.0290628
0.0777558
0.0721644
0.1999
0.148388
0.0212698
0.276001
0.357039
0.448159
0.3091
0.255526
0.435298
0.379486
0.801542
0.148088
0.179575
0.156178
0.308445
0.0804966
0.119855
0.0631115
0.0257095
0.0542256
0.0554768
0.0401535
0.0691032
0.0143002
0.108619
0.0306175
0.0877774
0.0533652
0.0712709
0.0608007
0.0898954
0.0513463
0.0763703
0.00541933
0.00833728
0.0168008
0.00812152
0.0780447
0.00493129
0.0598799
0.025876
0.0189565
0.254923
0.0603553
0.0110274
0.0103893
0.0731586
0.0256131
0.0705757
0.0310015
0.0468042
0.0201869
0.098826
0.0727926
0.0290362
0.050513
0.0195309
0.0634167
0.111305
0.129635
0.0345067
0.110429
0.102878
0.0101044
0.230031
0.282113
0.133174
0.187971
0.331208
0.475932
0.344003
0.302886
0.662182
0.202779
0.00221054
0.0887093
0.411593
0.229603
0.239658
0.0817187
0.0285663
0.0306605
0.0056765
0.0449958
0.0129754
0.00722152
0.00434336
0.03726
0.0082911
0.0370334
0.0567792
0.0500008
0.0663389
0.0483997
0.00370677
0.00398805
0.0178022
0.0244029
0.0481004
0.0812499
0.0946102
0.0821963
0.0443307
0.0568697
0.0119681
0.00523327
0.0126033
0.0657448
0.00276351
0.0337533
0.0277836
0.0424638
0.0169444
0.147713
0.0913657
0.235285
0.113269
0.291901
0.320292
0.0891917
0.015802
0.0487417
0.36155
0.116143
0.124695
0.0588725
0.0402424
0.275299
0.27544
0.101017
0.269239
0.649115
0.443019
0.0447428
0.0606476
0.00672355
0.0085826
0.0608155
0.0464047
0.00880429
0.081274
0.0872226
0.331405
0.0914061
0.0719923
0.0587803
0.0108864
0.000144136
0.0515407
0.00390309
0.00076833
0.0202477
0.07313
0.0365419
0.00134785
0.00249767
0.0292038
0.039338
0.00669434
0.00140294
0.00671736
0.00381939
0.0538161
0.260065
0.132689
0.144017
0.339415
0.0755888
0.32642
0.647082
0.526264
0.034338
0.109461
0.229035
0.139228
0.190631
0.162067
0.200551
0.098012
0.13413
0.0548069
0.0475693
0.0105413
0.00313593
0.0637999
0.0300653
0.0842969
0.0251643
0.0144013
0.0764191
0.0782091
0.00152699
0.0301101
0.00323965
0.0486855
0.0280575
0.0503525
0.030926
0.039471
0.00277118
0.0103017
0.0162854
0.138815
0.135556
0.0799689
0.701712
0.180003
0.171852
0.169714
0.035512
0.244516
0.0603529
0.0687879
0.315468
0.154709
0.0929473
0.0081842
0.0977875
0.610002
0.253414
0.271533
0.127162
0.135753
0.135954
0.0454061
0.0649205
0.0149994
0.0189237
0.0269948
0.00158461
0.00435976
0.00545272
0.0137684
0.0225643
0.0725895
0.0382322
0.0640439
0.0802689
0.0669663
0.0181118
0.0129263
0.00131906
0.0832408
0.062676
0.0336186
0.0348899
0.0378497
0.035738
0.0405599
0.0215127
0.00361536
0.0670988
0.137439
0.236359
0.124782
0.181229
0.557387
0.272982
0.215849
0.11003
0.107044
0.0768633
0.0920061
0.164415
0.159974
0.152986
0.201332
0.565325
0.281871
0.13094
0.217509
0.0396913
0.00298457
0.00872699
0.0020848
0.0306076
0.0255448
0.0348253
0.0526252
0.0308226
0.00378571
0.0918879
0.0582887
0.0780638
0.0241038
0.0119903
0.00350022
0.0241923
0.00322029
0.00460025
0.0406769
0.0623587
0.0185283
0.0654158
0.050403
0.0419904
0.00579777
0.168271
0.266008
0.132402
0.108609
0.343101
1.0619
0.11099
0.324348
0.056225
0.602213
0.105352
0.106557
0.0262486
0.0879204
0.330858
0.104079
0.0616762
0.150313
0.246405
0.156793
0.00680647
0.0139474
0.0245955
0.00700207
0.0341298
0.0404802
0.0299766
0.0324647
0.0438664
0.0202606
0.0726374
0.0548308
0.0022259
0.00869929
0.0322718
0.0311156
0.0595726
0.0103643
0.0126851
0.0362565
0.0347408
0.0193747
0.0132812
0.0466961
0.0368709
0.0304861
0.0169588
0.0460165
0.159228
0.0830924
0.291299
0.142764
0.25456
0.00773867
0.0163918
0.0405427
0.108318
0.16088
0.158716
0.178953
0.161381
0.121525
0.219043
0.17753
0.0725094
0.659804
0.23872
0.0257823
0.0117203
0.0153987
0.00918522
0.0059967
0.0256958
0.00349707
0.081778
0.00416306
0.108868
0.0163175
0.0276408
0.0498402
0.10502
0.0419325
0.0242966
0.0212012
0.0280696
0.0195778
0.0108151
0.0338184
0.0380784
0.0426174
0.0290877
0.0768296
0.0988
0.133543
0.139426
0.150378
0.159281
0.227951
0.109456
0.00599201
0.0414898
0.0924011
0.151943
0.0775773
0.172022
0.440109
0.0905083
0.0081468
0.111278
0.0893791
0.0783809
0.176039
0.0960145
0.202463
0.153162
0.137572
0.0452642
0.0413171
0.0527194
0.0143542
0.0082759
0.00817043
0.00229539
0.00166294
0.0115616
0.0146573
0.00921525
0.0587077
0.0266858
0.0715711
0.00590037
0.0737907
0.00983088
0.0431195
0.0414584
0.0628054
0.0531871
0.013364
0.00429075
0.0328013
0.000417965
0.0741191
0.118243
0.034349
0.126147
0.106682
0.621979
0.196847
0.213087
0.118686
0.424492
0.108806
0.18027
0.856661
0.266799
0.234716
0.203458
0.36217
0.201001
0.0911871
0.00885998
0.00834661
0.0907641
0.0795229
0.0218248
0.0641382
0.0864884
0.0373299
0.0716985
0.0155732
0.0517355
0.0891329
0.0328247
0.0137186
0.0434985
0.00585716
0.0589432
0.0275151
0.0277888
0.0371977
0.00266034
0.0149698
0.00308316
0.0389549
0.0144246
0.0199997
0.101445
0.0549779
0.395761
0.0870913
0.163245
0.203146
0.0375309
0.16646
0.0317015
0.148098
0.155573
0.0932802
0.0681432
0.196314
0.0244392
0.0472988
0.271417
0.247585
0.110247
0.123026
0.640668
0.245468
0.0821679
0.108185
0.119637
0.188216
0.0265871
0.083652
0.00521119
0.0583722
0.0133513
0.00635704
0.0484274
0.099838
0.0231593
0.024005
0.0683125
0.0799522
0.0165282
0.00668039
0.0588329
0.08259
0.0745219
0.0613552
0.0118567
0.0422425
0.0468692
0.0786714
0.103573
0.0731469
0.107429
0.182727
0.414449
0.190431
0.13199
0.0531469
0.091131
0.111917
0.183866
1.73486
0.113173
0.125426
0.114444
0.223851
0.0430709
0.245001
0.128716
0.09394
0.0162684
0.0221077
0.0704489
0.0158528
0.0501508
0.0531993
0.00368826
0.107565
0.105771
0.00274469
0.0739178
0.0133691
0.00470807
0.00857929
0.0360673
0.0230989
0.0730891
0.0913659
0.0106164
0.0156562
0.0491737
0.0151089
0.0121551
0.0641781
0.0923424
0.037383
0.111911
0.130455
0.575762
0.118304
0.203662
0.0144659
1.22854
0.228717
0.13226
0.0828697
0.0431134
0.128595
0.107559
0.08283
0.155047
0.0932025
0.176153
0.566923
0.0931752
0.0829071
0.118722
0.125995
0.0584371
0.1861
0.0581824
0.0395172
0.0968612
0.0520673
0.0389431
0.0674947
0.0452084
0.0769978
0.0153564
0.0604293
0.0871813
0.0436386
0.0948393
0.0498688
0.0291131
0.0989412
0.0383803
0.0015109
0.00491151
0.0816411
0.0664736
0.153428
0.0953039
0.049235
0.248927
0.49952
0.117922
0.160859
0.0618443
0.143225
0.206455
0.111877
0.378392
0.0989479
0.0872719
0.124884
0.212182
0.656778
0.121357
0.0921897
0.0839533
0.171625
0.0548459
0.0796385
0.0504514
0.047577
0.0534028
0.0526472
0.0771334
0.0958477
0.043024
0.0436271
0.0460492
0.01961
0.0287957
0.0644112
0.0215903
0.0240476
0.0395582
0.0688946
0.0620408
0.058967
0.0353636
0.0425917
0.0507791
0.0778952
0.0469303
0.0923138
0.0577838
0.405074
0.129856
0.0254618
0.180315
0.136837
0.388155
0.537129
0.167922
0.170891
0.0968772
0.0445746
0.0584688
0.344209
0.128736
0.0245681
0.105223
0.111296
0.0205229
0.0762988
0.0570323
0.0369391
0.0372053
0.0319846
0.0914554
0.00925791
0.0552804
0.00439599
0.0905598
0.0441204
0.0844041
0.0767883
0.0786884
0.057087
0.0313563
0.0796216
0.0280868
0.0553612
0.0148058
0.0163872
0.0455577
0.0828782
0.0613088
0.123955
0.490167
0.146709
0.0869311
0.238313
0.104904
0.0138542
0.108051
0.150814
0.0861113
0.237714
0.0288677
0.00254692
0.0165033
0.144665
0.17798
0.0661428
0.137129
0.484045
0.18963
0.173206
0.0583017
0.0608704
0.128444
0.0700286
0.0686599
0.0616464
0.0475355
0.0489939
0.102291
0.0462324
0.100545
0.0542163
0.0308933
0.066181
0.0695211
0.00523146
0.0354119
0.0889881
0.063356
0.0527375
0.0293326
0.0684631
0.0859881
0.0970365
0.0928906
0.109301
0.194376
0.158804
0.128195
0.21412
0.218566
0.111348
0.134245
0.0248294
0.15372
2.20873
0.148554
0.110294
0.656672
0.23483
0.243893
0.0950528
0.0314682
0.115511
0.0923054
0.414882
0.0344137
0.0473711
0.106412
0.0453481
0.0408295
0.065444
0.131609
0.00898943
0.0736577
0.0169787
0.0400832
0.071237
0.0188196
0.0338572
0.0063299
0.0490425
0.111091
0.0438337
0.00514357
0.00421795
0.0125481
0.0520295
0.0404521
0.0429102
0.457106
0.0832494
0.111339
0.0651019
0.0251777
0.215737
0.135591
0.0971262
0.0363729
0.764047
0.41354
0.0709725
0.127167
0.137258
0.0605064
0.0478985
0.004238
0.19916
0.353263
0.0634334
0.0155875
0.10027
0.0538937
0.0268904
0.0624839
0.0567897
0.0629916
0.072352
0.033897
0.00288636
0.0160082
0.00948617
0.0561914
0.0715591
0.0505532
0.06547
0.0442286
0.0403273
0.0208705
0.0839434
0.0905595
0.057494
0.0627445
0.07602
0.0262164
0.0968083
0.14515
0.420147
0.174388
0.0547247
0.0446074
0.045418
0.317246
0.37662
0.143767
0.00226093
0.0186689
0.199005
0.263122
0.0630247
0.0617133
0.0791196
0.0228109
0.0735666
0.0635429
0.105621
0.0715336
0.0562297
0.0335874
0.0347082
0.0676066
0.0386305
0.0515469
0.122636
0.107203
0.0617804
0.0860274
0.0755904
0.0387047
0.102801
0.0849848
0.498027
0.484481
0.0774145
0.0635921
0.155092
0.072556
1.60058
0.10922
0.11379
0.00211858
0.131483
0.538514
2.52206
0.116335
0.014994
0.114844
0.105783
0.0518609
0.127749
0.377941
0.159288
0.0787872
0.0512007
0.0504633
0.0953388
0.0681926
0.071823
0.0288403
0.0404759
0.0823144
0.0224054
0.0884711
0.11244
0.0818982
0.0285435
0.0636259
0.0859646
0.0696382
0.0864245
0.0100658
0.0623501
0.00219961
0.0924997
0.0546812
0.0403113
0.0554065
0.0398234
0.392192
0.14422
0.067732
0.165039
0.00129623
0.109625
0.130729
0.0503607
0.126775
0.038032
0.511315
0.126241
0.109423
0.218978
0.115844
0.0537966
0.0603376
0.0578657
0.109549
0.00168126
0.0834335
0.0153134
0.0663757
0.0636858
0.0195054
0.0983791
0.0623785
0.0654986
0.00492538
0.0727061
0.348646
0.377874
0.103078
0.0771527
0.129968
0.139768
0.261827
0.249445
0.0611522
0.121655
0.114259
0.19818
0.155291
0.217954
0.0541592
0.00710932
0.105686
1.20917
0.103359
0.0765073
0.00641696
0.271212
0.0619935
0.100806
0.0729092
0.078148
0.0651108
0.093414
0.093575
0.000704557
0.0219946
0.0716505
0.104277
0.0512168
0.0496531
0.0166367
0.0413374
0.0450055
0.00372105
0.0651934
0.0524863
0.0443516
0.10237
0.0552574
0.0158295
0.232554
0.0931791
0.153196
0.00944131
0.063686
0.928219
0.160768
0.171069
0.0730803
0.11271
0.135886
0.0192797
0.442743
0.202279
0.0887895
0.333296
0.0810676
0.247435
0.308471
0.0242455
0.0677854
0.0657281
0.102327
0.0569349
0.000724332
0.0399357
0.0379208
0.0463727
0.0717306
0.0233678
0.0816808
0.0256437
0.108114
0.192978
0.0858904
0.0611951
0.0509322
0.0532641
0.225394
0.375602
0.0711305
0.0707264
0.0376101
0.105605
0.266471
0.180859
0.175224
0.216209
0.175588
0.107164
0.502343
0.015172
0.166687
0.0986725
0.0573214
0.0746158
0.0986091
0.0623213
0.0871468
0.0314656
0.0489721
0.0369115
0.0723766
0.0226459
0.0467841
0.0309301
0.0377073
0.00574454
0.0850962
0.0560932
0.0833886
0.11455
0.100703
0.0627355
0.0566114
0.0867573
0.0434668
0.174585
0.137841
0.0444887
0.0996186
0.0906918
0.0729338
0.216464
0.107595
0.101055
0.0620682
0.150661
0.0398328
0.0787111
0.0700659
0.0634576
0.0621436
0.0420969
0.0778092
0.0717384
0.00862394
0.0661863
0.063832
0.0201329
0.0923909
0.0232896
0.1623
0.0800569
0.0605662
0.0453685
0.0918858
0.0533899
0.0740357
0.0436422
0.0711611
0.0433256
0.0921732
0.0929698
0.210127
0.109782
0.0194026
0.059217
0.152257
0.100106
0.049489
0.0696094
0.0759694
0.345372
0.400469
0.0336244
0.310844
0.0284448
0.20326
0.3144
0.0465682
0.0256964
0.190605
0.0757085
0.07925
0.02244
0.0207511
0.0279057
0.079636
0.031319
0.106806
0.0796135
0.141921
0.127721
0.0747847
0.064927
0.0676914
0.0754085
0.0911527
0.0735127
0.207354
0.172454
0.0869231
0.0801342
0.0852657
0.204341
0.347874
0.137112
0.136544
0.0980196
0.0398585
0.0496348
0.0381124
0.0303156
0.0393022
0.022478
0.0783905
0.0542945
0.0486404
0.0380987
0.252932
0.063565
0.0267542
0.0350974
0.132764
0.00846271
0.0286051
0.24687
0.708068
0.193441
0.0726981
0.100393
0.139869
0.108872
0.0582185
1.32743
0.147324
0.0133294
0.0749416
0.0498834
0.0571567
0.11927
0.0195546
0.00456855
0.0732
0.07705
0.0377481
0.08278
0.0705197
0.049914
0.075772
0.0293033
0.034851
0.0989141
0.124516
0.173592
0.123352
0.0130753
0.0302833
0.0761555
0.00861813
0.134678
0.112555
0.148483
0.0834177
0.0684007
0.181376
0.116804
0.104702
0.282368
0.192241
0.0484391
0.0381015
0.067631
0.0597843
0.0339613
0.0660479
0.0120642
0.0530746
0.0798833
0.0410058
0.125744
0.0843094
0.0666096
0.108401
0.0908053
0.0422396
0.0145781
0.770898
0.00465397
0.0550094
0.16626
0.00747783
0.0656299
0.258041
0.0305533
0.0144951
0.0921748
0.0578256
0.068873
0.0121673
0.0563559
0.0454374
0.0636062
0.065808
0.0914359
0.0861597
0.0996906
0.368115
0.172906
0.102835
0.0853112
0.0280563
0.10201
0.0993909
0.00530147
0.111197
0.0854667
0.0910456
0.112748
0.0444267
0.0998427
0.0808211
0.0346872
0.185609
0.0923361
0.0839738
0.162757
0.0456133
0.0582813
0.0444776
0.00833156
0.215545
0.0340725
0.0286707
0.066637
0.0203444
0.0298417
0.00851397
0.0839764
0.0521452
0.0497102
0.10953
0.0748995
0.00304807
0.397528
0.157643
0.0202094
0.0668746
0.0242697
0.212414
0.0804974
0.110846
0.0686483
0.0611896
0.023359
0.0846233
0.0337191
0.047721
0.0676095
0.0247233
0.0810097
0.0316612
0.0499099
0.0811095
0.0210929
0.0802411
0.000567526
0.0674375
0.0811157
0.0512045
0.000970286
0.0653181
0.0317929
0.138531
0.0843887
0.0301192
0.170175
0.128926
0.0625921
0.0965817
0.0198164
0.0292733
0.0277401
0.142962
0.0475479
0.0156808
0.0576372
0.08651
0.0252286
0.0315428
0.00508266
0.030757
0.0777101
0.10889
0.142431
0.0373001
0.010734
0.103693
0.0463506
0.0643807
0.0268259
0.0736461
0.0589878
0.0084933
0.0975657
0.158387
