0.00369928
0.00440162
0.0102269
0.00563278
0.000378263
-0.00563273
-0.00369578
2.63396e-05
-0.00347116
0.00390149
0.00445228
0.00575406
0.00135726
0.000733494
-0.00567081
-0.00291045
0.00366799
-0.00357766
0.00167434
0.00442853
0.0043856
-0.00622981
-0.00279204
-0.00544168
-0.00316889
0.00197056
-0.000523379
0.0126159
0.00080461
0.00331593
0.00069275
-0.00185849
-0.000300109
0.00656486
0.00434147
0.0013628
0.00123478
0.00799624
0.00665697
0.0017648
0.00605298
0.00612416
-0.00458595
-0.000852138
-0.0047092
0.00159487
-0.00595362
0.00377198
-0.00246464
0.00682559
0.00344383
-0.00050642
-0.0119866
-0.00590111
-6.22526e-05
0.00258512
0.00588768
-0.00304819
0.00595958
0.000867572
0.00158895
-0.00385082
0.00573008
-0.00147328
0.00652589
0.00607852
0.00181497
-0.000625497
0.000500846
0.00126286
0.00729985
0.000620136
0.00232212
0.00405474
0.00144212
0.000312705
0.00571243
0.00210779
-0.0010863
-0.000330325
-0.00039195
0.00226926
-0.000429136
0.0043826
-0.00900352
-0.00387101
0.00342936
-7.94036e-06
0.00150388
-0.0144596
0.00202474
-0.00106463
0.00433004
-0.00157228
-0.000281483
-0.0010902
0.00200225
-0.00156441
0.00137245
0.001939
-0.000759048
-0.000314297
0.00291901
-0.0018429
-0.000578261
-0.000476486
0.00257397
-0.000418389
0.00261024
-0.00102324
0.00133293
0.00313753
0.00141125
0.00158372
-0.00367724
0.00213483
-0.0028366
-0.0022047
0.00106362
0.00322845
0.00322965
-0.000490376
-0.000266249
-0.00781076
0.000109717
0.00297651
0.00251691
0.00170866
0.00170247
0.000677631
0.00180191
0.00321233
-0.00111808
-0.000646294
-0.00685309
-0.0127075
0.00157138
0.00606527
-0.000487604
0.00244545
0.00318164
0.000883643
0.00370641
0.00020512
-0.00440422
-0.00619343
-0.00406113
0.000565717
0.00157658
-0.00122362
-0.00636662
-0.00798405
0.000841331
-0.000800704
0.000705381
0.00205186
0.00384428
0.00176687
0.00101809
0.00118323
-0.00376814
0.00242705
0.000544598
-0.00026708
-0.000562244
0.00192699
0.00336048
0.000533029
0.00249836
0.00209117
-0.0069658
-0.0162341
0.00257803
0.000639019
3.48501e-05
0.00175187
0.00158144
0.00204262
0.00309904
-0.00226798
0.00536421
0.000443297
-0.000435582
0.00474788
0.00963336
6.0659e-05
0.00105138
-0.000180956
0.000145408
0.00281321
0.00164863
0.00340121
0.00262151
0.00203101
-0.0023023
-0.00286127
0.00111977
0.000360496
-0.0010974
0.000972951
-0.00139919
0.00377335
0.00189708
0.00274627
0.0068643
0.000914048
0.00514959
-0.00158309
0.00270938
0.00227228
0.00116198
-0.00568334
-0.012899
0.0135549
-0.00103207
0.00203757
0.00482015
-0.00126514
-0.00258658
0.00993891
0.00244338
0.00316639
-0.000484332
0.000104985
0.00640535
0.00340178
-0.000636652
0.0018535
0.00493128
0.00152374
-0.00162473
0.00214045
0.00235285
0.00114424
-0.00193826
-0.00691747
0.00152583
-0.00703168
0.00153791
0.0215401
-0.000752263
0.00307111
-0.00021861
-0.00538442
-0.0019919
-0.000852818
-0.000575502
-0.000363076
0.000569358
0.00398817
0.000412824
0.00070344
0.000964704
0.00275384
0.00594513
-0.00508675
-0.00452603
0.00287004
-0.00720044
-0.00933464
0.00126142
-0.000414566
0.0037734
0.00537446
-0.00696594
-0.000228623
-0.000121092
0.00031212
-0.00837318
-0.0204225
0.00306751
0.00163892
0.0012922
0.00307955
0.0161972
0.00286331
0.00892618
0.00787816
-0.002242
0.00254321
-0.00319189
0.00281918
-0.000944507
0.00339202
-0.000923119
0.000904939
-0.000572738
0.00195138
0.00062946
4.06307e-07
0.00179091
0.00168267
-0.000170612
0.00408346
0.00602386
0.000333568
0.00046735
-1.7181e-05
-0.0119258
-0.000204721
0.00238454
-0.00449705
-0.000367194
0.00192824
0.00182027
0.00279638
-0.00660524
-0.0155087
0.00374204
0.00200458
0.00078493
0.00242384
0.00364112
0.00462462
-0.00198046
0.00208078
0.00351025
0.000900507
0.00304838
0.00419222
0.00076915
0.00036793
0.00486433
-0.000145402
-0.00938923
0.00269449
0.00016841
0.00299501
0.0028012
-0.000248393
0.000986374
0.000270441
-0.00507654
0.00244675
0.00135666
0.00289591
0.000407162
0.0040486
0.00457261
0.00746539
0.00495897
0.00179125
0.00106215
0.000439705
0.00227314
-0.00511247
0.00342778
0.00459933
-0.00747216
0.00308187
0.000267756
0.00226177
0.0021612
-0.000457356
0.0025316
0.00118791
0.000750759
-0.000535612
0.00183633
-0.00885752
-0.00334922
0.000766206
0.00287738
0.00931549
0.00248796
-0.00192296
0.000367017
0.00503091
-0.000632356
-0.000115825
-0.000184618
0.000126365
0.00045502
-0.00221691
0.00819255
0.00410418
0.00213548
-0.00765279
0.00386509
0.00307777
-0.000867555
-0.00120376
-5.97248e-05
-0.00858214
-0.000193488
0.00371462
0.00118906
0.000147885
0.000124805
-0.00685127
-0.00376186
0.000840354
0.00865025
0.000330472
0.00370352
0.0012772
0.00282644
0.000637453
0.00251082
-0.00411601
0.00384054
0.00111194
0.00376676
0.00327983
-0.000678293
-0.00678898
0.0093622
0.00488191
0.00389611
-0.000115488
0.00121048
0.00214813
0.00200866
0.00150018
-0.0100855
0.000732787
-0.00989437
0.00167719
0.000339749
0.00151225
0.0018635
-0.00076952
0.00281417
0.000811524
-0.00394116
0.00241646
-0.00979169
0.00197407
0.00199993
0.000884375
0.000219964
0.00251292
0.00093395
0.00338464
-0.00361011
0.00210191
-0.0011618
0.000147898
0.000707198
0.00115956
0.00330943
-0.0151362
-0.00142882
0.00620547
0.000142507
0.000796373
0.00158943
0.00255801
0.00182446
0.00333926
0.00429134
0.00232623
0.00229919
-0.000374276
0.0025146
-0.00623784
0.00221662
0.0042907
0.00104496
-0.000544924
-0.00603878
0.00426027
-0.000932955
0.00184002
0.00275188
0.00440635
0.000224486
0.0040923
0.00130748
0.000983357
0.00248849
-0.00453679
-0.00046286
-0.000142443
-0.000122298
0.0023591
0.0012696
-0.0045299
0.00280734
0.00356408
0.000706761
0.0011879
0.00372319
0.00244706
-0.00736067
0.00151219
0.00196961
0.00124461
-0.00119311
-0.00542712
0.000939361
0.00302787
0.00134402
0.000422353
0.00319361
-0.00478133
-0.0049628
0.00317356
-0.00403221
0.00217614
0.00239014
-0.00440892
-0.00736571
0.00354393
0.000605057
0.00463172
0.00195748
0.00550972
0.000886855
0.00158283
0.00606066
-0.0114058
-0.0138911
-0.000804371
0.00240488
0.00211051
-0.00864
-0.0129702
0.00573558
0.0013903
9.21613e-05
0.00230519
-0.0103315
0.000394746
0.00119117
0.00440379
-0.00068584
0.00402166
-0.00903813
0.00197758
0.000878395
0.000329057
0.00215851
0.00181468
-0.00330907
0.000903778
-8.93014e-05
0.000412645
0.00221853
0.00405341
-0.000178558
0.000996178
-0.000604195
-0.00177025
-0.00251162
-0.00931666
0.00142245
0.00630613
0.0012104
0.0056019
-0.00143517
0.00249791
0.000171952
0.00244569
-0.000295406
0.000908843
0.00455627
-0.00195091
0.00285709
-0.00904803
0.00122466
-0.000191326
-0.000698375
-0.0139444
-0.0118036
0.00148397
0.000442819
0.00104804
0.00184878
0.00076676
0.0043866
-0.0001786
0.000648186
-0.0101776
0.00466958
0.00356994
-0.000199279
0.000819732
-0.000703281
0.00465758
-0.00706132
0.0022159
0.00422823
0.00117583
0.00372207
0.00554757
0.00118409
0.000253405
-0.00385809
0.00142382
0.00125711
0.00625125
0.0016717
0.00113251
-0.00537157
0.0051589
-0.00020689
0.00120123
0.00308503
0.00194687
0.00117374
0.00131619
0.00340388
-0.000215591
0.00113223
-0.00105589
0.00205284
-0.0015118
0.00129364
0.000474657
0.000269465
0.0028271
0.00103663
-9.62895e-05
0.00363098
0.00420012
0.0020595
0.00193861
0.00214957
0.00411767
-0.0158555
-0.017902
-0.00765202
0.00257967
0.00413675
0.00129246
0.000332733
-0.000344902
-0.00676021
0.00190847
-0.000451107
0.000201156
0.0019752
0.00536901
0.00198567
0.000644537
1.1437e-05
-0.00143592
0.00213075
0.00147249
-0.000293822
-0.00401294
-0.00567381
0.00253551
0.00614107
-0.000276672
-0.000225724
-0.00852015
-0.00857381
0.00333283
0.00265874
-0.000231759
-0.0121359
-0.0155462
0.00122061
0.00690114
-0.00177993
-0.000857191
0.00260992
-0.000728552
0.00102591
-0.000355257
0.000982252
-0.00828364
-0.0104215
0.00669211
-0.0013891
0.00212662
0.00312001
0.00262164
0.00364449
0.000371098
-0.00423772
0.00318126
0.000581417
0.00328382
-0.00162503
0.000144007
0.00212942
-0.00356812
0.00856355
-0.00046559
0.00126023
-0.00236338
0.00288675
0.00174829
-5.33367e-05
0.00351208
-0.000244625
0.000450612
0.000983493
-0.00593324
0.00588445
0.0031355
0.00480468
0.00279388
0.000321151
0.00372777
0.00330888
0.00114842
0.00379389
0.00160884
0.00462192
0.00145076
0.00167635
0.00102772
0.00505372
0.00331821
0.00535957
-0.00286959
0.00219903
0.00330391
0.00115792
0.00256968
0.00333878
0.00547308
-0.000472191
-0.000362006
0.00273572
-0.00669544
0.000917762
0.000952031
0.00428541
0.00613498
-0.00225825
-0.0128098
0.00801825
-0.000245389
0.00222226
-0.000344633
0.000514573
0.000835464
0.00164401
0.00149757
0.00990891
-0.0139083
0.0030354
-0.00198869
0.00462935
0.00197645
0.000911917
0.00102751
0.00171753
-0.030427
0.00259758
0.000639639
0.00442111
0.00184919
0.00413296
0.0055807
0.00179843
0.00121776
0.00409285
0.000705227
-0.00155372
0.00131849
0.00206183
-0.00342022
0.000513589
-0.000121561
0.002432
0.00090596
0.000931166
0.00182316
0.000618564
0.00354687
-0.000313537
-0.000796278
0.00198161
0.00571085
0.00333433
0.00316014
-2.67817e-05
0.00463821
0.00269171
-0.00685044
-0.00629719
-0.0015913
-0.000194289
0.000116253
0.0024551
0.00676422
-0.00532132
0.00382304
0.0017146
0.00378804
0.00051995
-0.00238553
0.00305826
-0.000746229
-0.000298754
0.000328482
0.00137597
-0.00662062
-0.0110481
4.75444e-06
-0.00485472
0.00273081
-0.00602014
-0.00577523
-0.000499206
-0.00751924
-0.000406683
0.00236328
-0.00102207
0.00305834
0.00205057
0.00902284
0.00746856
-0.0109569
0.000248366
-0.000211821
0.00035918
-0.000212376
0.00286577
-0.000457726
0.00257001
0.00221651
0.00753245
-0.00191275
-0.00116311
0.000274494
-0.000400714
-0.000736359
0.00568003
0.00478657
-6.70884e-05
-0.000467561
0.000912163
0.00490043
-0.000401846
0.00170739
-0.000282771
0.000211746
0.00233992
-0.000563036
0.00489901
0.00233984
0.000732259
0.00491992
-0.00484071
-6.38214e-05
0.00446167
-0.000490312
0.00304176
0.00237673
-0.0181798
-0.00520109
0.00308376
0.00369857
0.00294573
-0.00132837
-0.000201148
0.00166697
0.000460142
0.00138279
-0.000241307
0.00359954
-0.00120341
0.00218166
0.00922728
8.76431e-05
-0.00111223
-0.000284203
-0.000218643
0.00587842
0.00285451
0.00247811
0.00136061
-3.42867e-05
-0.000727424
0.00240433
-0.00925942
-0.00201036
0.000462393
0.00329038
0.00108576
0.00356922
0.00128875
0.000147625
0.00259896
0.000821178
0.00339855
0.000788113
0.00109632
0.000194618
-0.000525822
0.0044196
0.00222917
0.000579084
2.46283e-05
0.00294935
-0.0217565
-0.000447633
-0.00025663
0.00131089
-0.00215358
-0.00527673
0.00445165
0.00396776
1.97677e-05
-0.00207909
0.00371035
-0.0087991
-0.00286664
-0.000543344
-0.000204264
0.00454807
0.00317691
0.00133309
0.00134111
-0.0118152
0.00350078
0.00277006
7.50865e-05
0.00121201
-0.000873955
0.000596904
0.00114465
-0.00428979
0.000950594
0.00477355
-0.00201192
0.000425044
-0.00100458
0.00056359
-0.00317689
0.00129431
0.0051855
0.00291873
0.00591125
-0.00460338
0.00450152
0.00225686
0.0018144
-0.00033881
0.000828694
0.00558457
-0.00925272
0.00399331
0.00671077
-0.00120247
0.00343528
-0.000328918
0.000639177
0.000744507
0.00441245
0.00707598
0.000127317
-0.00259805
0.00411613
0.00582802
-0.0165018
-0.000858036
-0.000299961
0.00249208
0.00127676
-0.00476582
0.00278368
0.00125112
0.00109013
-0.000288979
-0.000103686
0.00133292
-0.00920862
-0.00520195
0.000286191
0.00135054
2.27023e-05
0.00187672
0.00741331
0.00155642
-0.000887696
0.000111929
-0.00964937
-0.00290663
-0.00137736
-0.00187103
0.00514611
-0.00144362
0.00271674
0.00118436
0.00450381
0.00210835
-0.00438039
-0.0124833
0.00104784
0.00736958
-0.0196138
0.00453433
0.00343187
-0.000226226
-0.00565517
0.000836521
0.000184889
-0.000961301
0.0100903
-0.0112509
0.00431847
0.00475551
0.00348314
0.0013667
0.00356856
0.00191402
7.66751e-06
0.000787805
0.00137186
0.000817116
7.79784e-05
-0.00667425
-0.00365616
0.000572324
-0.000286955
7.96457e-05
0.00197072
0.00115378
0.00456227
0.00153602
-0.00257562
0.00196931
0.000703709
-0.0099855
0.00546595
-0.000901809
0.00200598
0.00128885
0.00360037
0.00183722
-0.017772
-0.00797313
-0.00151251
-0.000525487
0.00161051
0.00283359
-0.00176848
-0.000100622
0.00160924
-0.00561628
-0.000444175
0.00171487
0.000810103
0.00167595
0.00121724
-0.00205152
1.88703e-05
0.00588583
0.00229079
-0.00733564
-0.000601237
-0.00494839
0.000170571
0.00121038
1.93562e-05
0.00189822
-0.0060252
-0.00863878
0.00522973
0.00142176
0.00163105
0.0133318
-0.000443982
-0.00168467
0.00932211
-0.000805024
-0.00495369
0.000444757
0.00126568
0.00458462
0.00100268
0.00157905
0.00088606
0.00288947
-0.0040195
-0.00257012
0.00156868
-0.000658397
0.000140794
0.00254702
0.00336321
-0.00855822
0.00275815
0.000181833
0.00282337
7.56218e-05
0.000715118
0.00145355
0.00597401
-0.00603125
0.00362322
0.000201587
0.00196265
-0.000555509
0.00739251
0.00105831
0.00636995
0.00728486
0.00218926
0.00205039
-3.11865e-05
1.90322e-05
0.00250727
0.000560842
-0.000141616
0.0017002
0.000410393
0.00356225
-0.00318733
-0.0168664
-0.00072192
0.000866737
0.00171905
0.00302391
0.00254452
-0.00287423
-0.0107837
0.00264228
-0.000425522
-0.000958848
0.00716982
0.00418308
0.00747
-0.0148428
0.0021905
6.93495e-05
-0.00145637
0.00404623
-0.00206855
0.00431287
0.00437919
0.000168543
0.00401199
0.00356909
0.00539434
0.00156056
0.0174559
-0.011945
0.00098332
0.00532632
0.00689069
0.00412644
-0.000529246
-0.00113658
0.00259253
0.00229709
0.00147164
-0.0237601
0.00254263
0.00163516
0.00105951
0.000565374
0.00258356
0.00279296
0.00182101
0.000611217
-0.0115108
0.00324349
0.00112001
0.00190319
0.0034627
0.00014446
-0.00104084
0.00144396
0.00108275
0.00160026
0.00121473
-0.0120022
-0.00349707
0.00242279
0.00188442
0.00106394
0.00325962
-0.0033075
-0.00631359
-0.00724671
0.00253022
-0.000549348
-8.97204e-06
-0.00136201
-0.00393808
-0.0104682
0.00213233
0.00439571
0.00288055
-0.00166561
-0.015146
-0.00182645
0.00416347
0.000675628
-0.00102879
0.00428304
-0.0120511
0.000837074
-0.000651697
3.44933e-05
0.00129721
-0.00053895
0.00209346
-0.00904029
0.00534314
0.00231235
-0.00455817
-0.00181128
0.00247306
0.00376754
0.00472006
0.000366493
0.00669115
0.000721778
-0.00296443
0.000598394
0.00153553
0.000348802
9.52427e-05
-0.00678377
0.00269711
0.000802726
0.000312178
0.00155438
0.00163492
0.00201904
0.000749275
0.00231973
0.000247086
0.00121866
-0.00130154
0.00569978
0.00036569
0.000853906
-0.00264684
2.80444e-05
-0.000295641
-0.000742142
0.00383217
0.00295742
0.000260694
0.00125572
-0.00335479
0.000692516
0.00173014
0.00381826
-0.000831519
-0.0114802
-0.00748462
0.00610399
0.008266
8.96199e-05
0.00232076
-0.00125217
0.0120085
0.00180152
-0.0065661
-0.00886666
0.0044311
0.00501196
0.00177592
-0.000808157
0.00028631
0.00191752
-0.010777
0.00527097
0.00390488
0.00221535
0.00782032
0.0041799
0.00145136
-0.000457436
0.000203427
-0.00292371
-0.00387066
0.00123545
0.000146499
0.000933247
0.00089873
0.00212669
-0.00166215
-0.00462254
0.00169669
0.0064131
0.0034363
6.9335e-05
0.00383852
0.00467437
0.000774228
0.00141326
-0.00236125
7.19892e-06
0.00260486
-0.000710378
-0.00132922
0.00306187
-0.000304354
0.000426854
0.00368263
-6.54724e-05
-0.0174682
0.00253497
0.000891832
0.000820767
0.00122582
-0.00920446
-0.000116874
0.00486264
0.000892275
-0.00161051
0.00418394
0.00327618
-0.000576483
0.00387484
-4.77502e-05
0.00154485
0.00421223
-0.000756724
-0.00188786
-0.000350719
0.00106453
0.00366406
-0.0129477
0.00192917
0.00103802
0.00226684
0.000417894
0.00255507
-0.000424158
0.000993639
0.00148525
0.000879972
0.00333652
-0.000420684
0.00253735
-0.00461867
0.00181626
0.00415751
-0.0172421
0.00678423
0.000316774
0.00115226
-0.00329544
0.00508128
0.00451512
0.0019049
2.22883e-05
-0.000273107
0.00313816
-0.00140844
-0.00350157
-0.000927778
-0.0110707
-0.00114493
0.0045372
-0.000428394
-0.00169069
0.00156443
0.00421671
0.00307094
0.00458289
-0.0039034
-0.00170665
0.00112787
-0.00142833
-0.00407781
0.00285887
0.000373071
-0.00359948
-0.00419609
-0.0011844
0.000237922
0.00235408
0.00294298
0.00131101
-0.0089728
-0.00076283
0.011407
-9.80072e-05
0.00584194
-0.00032778
0.00139165
-0.0270445
0.00121591
-0.000456731
0.00607903
0.0218408
-0.000338333
-0.000315932
0.00239808
0.000618437
-0.00868551
0.00169741
0.000166017
-0.00195081
-0.00158769
-0.000504024
0.00205176
-0.000149176
-0.0154117
0.00511027
-0.000287178
0.00324974
-0.00596426
0.00120252
-0.0011323
0.00081739
0.00127978
-0.00153021
-0.00685814
0.00137565
0.000644132
-0.00018857
0.00268964
0.00181303
0.00169487
7.80307e-05
-0.00733623
-0.0272501
0.000695317
0.00157102
0.00328087
-0.000122418
-0.00426709
-0.00191525
0.000521456
0.00101578
0.000555787
-0.00047532
-0.00121944
0.0023387
0.00204911
0.00355522
0.00829635
-0.00124003
0.0027204
-0.000847596
0.00364374
0.00093955
0.00339795
0.00112064
-0.000389478
0.0015457
-0.00630864
0.00294477
-0.000605909
-0.0104503
-0.00213882
-5.04104e-05
0.00713971
-0.00208297
0.00097408
-0.00134204
-0.00446324
0.0029607
0.000476322
0.000126031
-6.82426e-05
0.00318881
0.00455367
0.00567802
0.00207621
0.000361648
0.00336927
0.00947557
0.000500547
0.00241906
0.0024725
0.00375637
0.00271972
0.00245158
0.00715268
0.00195104
-0.0143271
-0.00193297
-0.00036453
0.0096021
0.000159796
-0.00269966
0.00140539
0.00631296
0.011808
-0.00639526
-0.0414273
0.00141071
0.00293553
0.000199963
0.00222027
0.00064955
-0.0147436
0.0102818
0.000707818
0.00408883
0.00268899
0.00351524
-0.000723588
0.00788105
-0.0120338
0.00248276
0.000739551
0.00101679
-0.00105814
-0.021458
0.000476443
0.0106939
0.00115719
0.00782896
-0.0140671
0.00335423
-0.000160705
0.00407856
0.00163934
0.000459339
0.00257917
0.0055278
-0.0281586
0.000900687
0.000359491
-0.000261488
0.00132143
-0.0020486
0.00890782
-0.000684114
0.0054163
-0.00342553
-0.0197927
0.00310027
0.00310272
2.19565e-05
-0.00150033
-0.00539069
-0.00392141
0.00316439
0.000670871
-6.55184e-05
0.00487419
-0.00486999
-0.0407266
-0.000905787
-0.00144748
0.00124064
0.00132649
0.00250293
0.000694905
0.00896387
0.00335525
0.000232849
0.00491613
-0.00469036
-0.0158868
0.0016955
-0.00219549
0.000221519
0.00886805
0.00283967
0.00194596
0.00398542
-0.00340657
-0.00068769
0.00208398
0.000543608
-0.000222308
0.00612015
0.00106744
0.00162769
0.0101256
0.00609392
0.00263782
-0.000460925
0.00132656
-0.000128679
-0.000191776
0.00571807
0.00857583
0.00394756
-0.00486814
0.00216202
0.00160184
0.000102706
-0.0132361
0.00319745
0.00143087
-0.0135425
-0.000692298
0.00116694
-0.000349447
0.00448853
-0.00121563
0.00978473
0.00312754
0.00551826
-0.00879169
0.0033031
0.00346345
-0.00304341
-0.0027341
-0.0176551
0.0085294
0.000693228
0.00135398
0.00209901
0.00181163
-0.00292989
0.00407211
-0.000389075
-0.00337416
0.00282975
0.000599018
-0.000689332
0.00598465
0.00483632
0.00381681
0.00162585
-0.00657368
-0.0510456
0.00263062
-3.82977e-05
0.00408005
-0.00101379
0.000574695
0.00186386
-0.00164042
0.00170518
-0.000720945
0.00865593
0.00102224
-0.00865238
-0.000295108
0.000857004
0.00370296
0.00111736
0.000418529
0.00171923
-0.000916288
0.000710419
0.0094807
0.00163446
0.000217966
0.0155975
-0.000650049
0.012745
0.00222181
0.00174481
0.00315923
0.000226931
-0.000649171
0.0124293
-0.00157633
-0.00164406
0.00130825
-0.000325458
0.00731345
0.00336114
0.00351926
0.00225648
0.00203365
-0.000594949
-0.0239129
0.000555775
0.00402523
0.000907939
0.00024939
-0.00591199
0.00087558
0.00434913
-0.002177
0.0177346
0.00332543
-0.0027091
0.00486351
0.00212825
0.00426427
-0.00449736
0.00475206
-0.000975143
0.00400971
-0.00158663
-0.000537196
-0.0156202
0.00271709
0.00153706
0.006259
0.000730874
-0.0100537
0.000944673
0.00534336
0.000160609
0.00607212
-0.0427418
-0.0608836
-0.00710514
0.00313537
-0.0010553
-0.00177419
0.00634808
0.0034692
-0.00965898
-0.0151016
-0.00101925
0.0171219
0.00702582
0.0099266
0.00292394
0.00642272
0.00256443
0.00347417
0.038403
0.00286857
0.00674592
0.00127196
0.00547248
0.0107438
0.00190468
-0.00131713
0.00159674
0.00606873
0.0172986
0.00915366
0.0247826
0.00766325
-0.0620021
0.00990269
0.00760376
0.00236661
0.00175903
-0.00217607
-0.000990551
0.00532958
0.00433806
-8.15041e-05
-0.000158289
0.0112258
0.00240235
0.0144219
7.52973e-05
0.0064673
-0.00730919
-0.00304772
0.0177133
0.00865857
0.0080509
0.00414492
0.00289885
-0.0015557
0.000603446
0.0106912
0.0063396
0.015388
0.0119064
-0.00244744
0.00601839
0.00600853
0.010202
0.00408686
0.00326876
-0.00224396
-0.00598399
-0.00327308
0.00116144
-0.00080544
-0.00819349
-0.0174739
-0.0226459
-0.00173403
0.0112045
0.0324525
0.000978348
0.0486189
-0.000118886
-0.0014934
0.00298758
-0.00175029
0.00401644
0.00558914
-0.00278189
-0.0002284
0.00361468
0.00538011
-0.00107472
-0.00250952
0.0248151
-0.00583137
-0.00724503
0.00367143
0.000192636
0.0014254
0.00715656
0.000289853
-0.00171829
0.000449896
0.00536272
-0.00117923
-0.00500458
0.00141136
0.00278104
-0.00133023
0.010169
0.00302624
0.00332196
-0.0182148
-0.00271739
0.0219859
0.00134759
-0.0125307
0.0394527
0.0109794
-0.0200646
-0.0069971
0.0192383
0.00143813
0.00194368
0.0135472
0.00435518
-0.00172384
0.000794513
0.00267856
-0.000396502
0.00586449
0.00265771
0.00286307
-0.000399285
0.00284016
-0.0453218
0.0147174
0.00935937
0.0337717
-0.0141637
0.014487
0.00464425
-0.00201699
-0.000817036
0.00420301
-0.000432924
-0.000240202
0.0019451
-0.0056846
0.00031091
-0.00135364
-0.00147522
0.0103338
0.00446182
0.00523966
-0.0245198
-0.0388566
0.0229445
0.0176767
0.00513903
0.0252759
-0.202963
-0.00812362
0.00941385
0.00233957
0.00398653
-0.00205998
0.00373942
0.00310813
0.00317764
-0.00216673
0.00380212
-0.00483596
0.00380731
0.00217973
0.00048936
0.00354432
0.00157651
0.00914165
0.00337555
0.0165824
0.00698372
0.024223
0.155956
-0.383157
-0.00484107
0.00212493
-0.00852055
0.00792921
0.0204216
0.0309416
0.00864138
-0.0699461
-0.0277869
0.0318396
0.00727336
0.00831106
0.00356314
-0.000247041
-0.0117044
0.00375464
0.000997211
-0.00181324
0.00473124
-0.000215336
-0.00341723
0.00464643
0.00146628
0.00169327
-4.51871e-06
0.00274821
0.0126437
0.00316461
-0.00386146
0.0235756
0.031681
-0.00224014
-0.0758476
0.141807
0.00285799
0.0190969
-0.000155603
-0.019557
-0.00158013
0.00110291
0.00310196
-0.00138133
0.00266053
-0.000383304
0.000717526
0.000703266
-0.000515085
-0.00368657
0.00149934
0.00340445
0.000167312
0.011762
0.00323902
0.00559182
-0.00124272
0.0148497
-0.048417
-0.0169555
-0.104904
0.00912195
0.0164194
-0.126171
0.00608718
-0.00188917
0.00271348
5.81557e-05
-0.0059614
-0.00669059
0.00267977
-0.00183575
0.00521377
0.000822976
-0.00211414
0.00193714
0.00192451
0.00186104
-3.34906e-05
-9.48579e-05
0.00336838
0.0022252
0.00743951
0.0038805
-0.000575811
0.0102718
0.0131622
-0.039534
0.0274827
0.0129058
-0.12325
0.020911
0.0305892
0.0254248
0.00904953
0.0193046
-0.0191072
-0.00626341
0.00323887
0.00527978
0.00352982
0.000494316
0.00241339
0.00218702
0.00063706
0.00291147
0.00150681
0.00428605
0.00402185
0.0131457
0.023183
0.0650931
0.0062791
-0.0763332
0.0129253
0.0166278
0.00596578
0.00110387
-0.0116261
0.0528522
-0.000155014
0.00149924
0.00543048
-0.000793258
-0.0019486
0.00109211
-0.000571002
0.00287333
0.00229066
0.00209176
0.0132214
0.00970865
0.00602768
0.0151043
-0.0649338
0.00845463
-0.00916732
-0.092993
-0.0404537
0.0177925
0.0151481
-0.0432959
-0.012985
-0.00729465
-0.00630798
0.00879253
0.00144912
0.000486057
0.00430192
8.01559e-05
0.000312552
0.00470049
-0.00424371
0.00195096
0.00181803
0.000537912
0.000495259
-0.00498109
-0.00410939
-0.00790526
-0.0024082
-0.00404523
0.00229951
0.0132625
0.0121351
0.0181132
0.000875404
-0.0251412
0.0701026
0.00133201
0.0233814
-0.00331572
0.00674199
-0.00105969
0.00240626
-0.0292592
0.0202993
0.0234011
0.010172
0.015734
-0.013893
-0.084004
-0.00688198
-0.0361701
-0.00725028
-0.00153289
0.0105108
0.000390194
0.000360523
0.00276773
-0.00228523
-0.000893837
-0.000634378
-0.00240318
0.000249622
0.00148444
-0.000717696
0.000661834
-0.00563454
-0.00943385
-0.0161989
-0.0152068
-0.0305582
-0.00908407
-0.0188688
-0.000517493
0.00051464
0.111822
0.0162332
0.0151147
0.0155417
0.00437342
0.00489809
0.0134776
0.0019337
-0.141969
-0.14912
-0.00789262
0.011997
-0.00230371
0.00518568
-0.0192589
-0.00685366
0.00381174
-0.000196026
-0.00338309
0.00513748
0.00123027
0.00102422
0.000118787
0.00132159
0.0051405
-0.00809172
-0.00463919
-0.00419787
-0.0129674
0.00881592
-0.016763
0.00221367
0.00572092
-0.0133378
0.00191426
-0.00289586
0.000547625
0.00971567
0.00609359
-0.00279399
0.0127572
-0.00343951
-0.0198045
-0.017764
-0.104665
0.00500734
0.0213975
0.0387889
0.0357058
0.18956
-0.030729
0.00436464
0.00535301
0.00950216
0.0039036
0.00352201
0.0211359
-0.00701141
-0.00179841
0.00345612
0.00477747
-0.00551409
-0.00687685
-0.00386386
0.00311254
0.00459734
0.00447653
0.002922
-0.00185118
-0.0106918
-0.0220246
0.000599866
0.0114279
0.00775345
-0.051092
-0.000617528
0.00518546
-0.00936564
0.00281518
1.06798
-0.283974
0.0630218
0.019278
-0.00168263
-4.73303e-05
0.00263314
0.00127974
-0.00514761
-0.00765512
0.00110039
0.00718201
0.0018849
-0.000474312
-0.000886462
0.00441722
0.00351308
-0.00670977
-0.00285776
-0.00262293
0.00116113
0.00624782
0.00554832
-0.00213076
0.0135636
0.00817265
-0.000241286
-0.0163327
0.0170836
-0.0280218
0.0558107
-0.0152974
0.0150148
0.000714342
0.00679581
0.0268425
0.0344299
-0.000597538
0.0505464
-0.0555618
0.00769649
0.0119232
0.0411296
-0.167213
-0.0238905
0.166485
0.249485
0.000501497
0.00704831
-0.00312643
0.000525856
0.000269373
0.00495073
-0.0048994
0.000377483
0.00386391
0.000232513
-0.00888554
0.00510555
-0.00608774
0.00607425
0.000753447
0.000781916
-0.00145054
-0.00175992
-0.00558993
0.00435535
0.00665356
0.000240134
0.00149872
0.0059779
-0.00281686
0.00941043
-0.000381178
-0.000373839
-0.0640561
0.159573
0.0150004
-0.0474763
-0.0771147
0.0184563
0.00285983
0.0097536
0.0530389
-0.0125167
-0.00697488
0.0097537
-0.0243239
-0.000119273
0.000658885
0.00309738
0.01748
0.00448175
0.00985145
0.00451049
0.00243289
0.00226709
-0.00597441
-0.00787581
0.00503057
0.00392545
0.00157045
-0.00468296
-0.00520942
-0.000178195
0.00181734
0.00089834
0.000677003
0.00279982
0.00532025
-0.0013569
0.0182117
0.00638129
0.013404
-0.0226501
-0.0843814
-0.00309924
-0.0231742
0.0258097
-0.067019
0.0491644
-0.00342346
0.0938446
-0.229705
0.0121251
0.0156212
0.00157601
0.0008087
0.00151403
-0.000489081
-0.00168903
0.00103182
-0.00065376
0.00197703
-0.00468988
0.00513545
-0.00240252
0.00199542
-0.00343973
-0.00392552
0.00281551
0.00253624
0.000683639
0.0026493
-0.000478764
0.0156251
-0.0557797
0.0472838
0.143301
0.0155283
0.00421702
0.0120505
0.00980371
0.0198835
-0.00978228
0.0267965
0.00329854
-0.00776552
0.0224811
0.00356196
0.00160115
0.0132547
0.779632
-0.10406
0.0053947
-0.00231313
0.0054349
0.000321662
0.00459599
0.000223575
-0.000152476
0.00133642
0.00475917
-0.000119009
-0.00666605
0.00132648
-0.00536666
0.00491698
0.00449812
0.000538823
0.000635839
-0.00189705
-0.00149363
-0.00148521
0.00662568
0.00268253
0.000137462
0.000505063
-1.54424e-05
0.000348533
-0.00119635
-0.000484003
0.0108319
-0.00641783
0.0213883
0.023052
-0.0815781
0.117516
-0.123937
-0.0490875
0.00706571
0.00492894
-0.063037
0.00861924
-0.00259414
-0.0594336
0.0128899
0.00167991
-0.313825
0.0175114
0.0240991
-0.000470587
0.00796398
0.00123453
-0.000126564
0.00508333
-0.00153956
0.000328372
0.00363343
0.000457634
-0.00451489
0.00133173
-0.000718498
0.00143815
0.00323776
0.00368363
0.00130575
-0.000350267
-0.000926163
0.000377995
0.000699223
0.00306221
0.000743056
0.00475493
0.0127366
-0.206779
0.193024
-0.0217096
0.0195719
0.0244742
-0.0509001
0.00924747
-0.0403932
-0.00386163
-0.152621
-0.0518003
0.00562395
0.0011985
-0.000707356
-0.00101468
-0.0012656
0.00249277
0.00819305
0.00140135
0.00137676
-0.000819027
0.00017932
-0.00435117
0.0026949
0.00475269
0.00326304
0.00145032
0.0026532
0.00199906
0.001
0.00814881
0.0103895
0.0093412
0.00474424
0.0014946
-0.0962313
0.0835872
0.0100485
-0.0205076
0.000538212
0.00176433
-0.112088
0.381137
0.0333939
0.0112674
0.00250805
-0.000847659
0.00353013
0.000658499
0.000733582
0.00125046
-0.000788258
-0.00788995
0.0054866
0.0069004
0.00782977
0.00397486
-0.00693782
-0.000174175
-0.00474625
0.00121398
0.00262186
0.00316934
0.0105411
0.00302646
0.00148724
0.0013923
0.00139414
0.00225706
0.00238226
0.000207805
0.00843319
0.00117965
0.00670432
-0.032186
-0.0575993
0.0151385
0.00993283
0.014295
-0.000705581
-0.0279643
-0.0109753
-0.0199478
-0.0317539
0.0174263
0.0013333
-0.0651488
0.0243781
-0.0019187
-0.000750138
0.00882771
0.00639688
-0.000985659
0.00209447
0.00232309
0.00393031
-0.000925632
0.000603538
-0.000684695
-0.000944805
0.00115651
0.000306308
0.00333789
0.00224281
0.00170293
-0.00403554
0.0023797
0.0033497
0.00128805
0.00134574
0.00213825
0.00399835
7.18798e-05
-4.22404e-05
5.56404e-05
0.00667293
0.00597512
0.00632301
0.00488984
-0.0443257
-0.226698
0.000355338
0.0188353
0.04503
0.0144064
0.0104126
0.0158408
-0.00728655
0.0894494
0.00112683
0.00473608
-0.00198232
0.00257376
-0.000716838
0.0222319
0.00623616
0.00259655
0.000258426
0.00201019
0.00222775
0.00310429
8.65275e-06
-0.00246504
-0.00913788
-0.00174594
-0.00263561
-0.00149376
0.00235551
-1.97177e-05
3.84256e-05
0.00141551
0.0021558
0.000589213
0.00362868
0.000824027
-0.00058606
0.00258652
0.00285645
0.00732045
0.00958785
-7.33877e-05
-0.113673
0.0109372
-0.00912022
-0.00581029
0.0132622
-0.0195733
0.0311057
0.00650029
-0.0311184
-0.00446352
0.00278366
-0.00167618
0.0173825
0.00103008
0.00156698
0.0001857
0.000593056
0.00504123
0.00640323
0.00168337
-3.48298e-05
7.03796e-05
0.00386686
0.00278776
-0.0059295
0.00190725
0.000758411
0.00131712
0.000308467
0.000937748
0.00228093
0.00283385
0.00159528
0.00255127
0.00989299
0.00906925
0.0105598
0.0150022
-0.0171595
0.0077816
-0.0182082
0.0171366
0.0207406
-0.0102122
-0.0870281
-0.00112456
0.00149252
0.0146144
0.00387286
0.00776726
0.00735597
0.000770582
-0.000889978
0.000864359
-0.00115113
0.0015591
0.00159711
-0.000213045
0.00712498
-0.00322284
-0.000808131
0.00903439
0.00099231
-0.00333922
-0.0042138
6.32275e-05
0.000112064
0.00109261
0.000579204
0.002533
0.00217525
0.00699146
0.00292353
0.00803125
0.00169282
0.00653922
0.0158555
-0.0453127
-0.0338902
-0.0140576
-0.150616
-0.0404071
0.0498056
-0.00859597
0.0445078
0.000736186
-0.00422427
-0.00295923
0.0201961
0.00145469
0.00146224
0.00242413
-0.000167034
0.00663165
0.00771722
-0.00103387
-0.00219971
-0.010249
-0.00532077
0.00191819
-0.00358995
0.00111856
0.00217326
0.00275445
-0.000557097
0.0038949
0.00609926
0.0017797
0.00287047
0.00130218
0.00570569
0.0147607
0.00834366
0.00775235
0.00725765
-0.0292935
-0.0448604
-0.0605668
-0.163989
0.254954
-0.0860556
-0.0785698
0.174106
-0.138027
-0.147898
-0.0663734
-0.00415641
0.00577596
0.0276475
0.00196789
-0.00223001
0.00426992
0.00257184
0.000586751
0.0033904
0.000348957
0.00394081
-0.00482309
0.000308423
-0.000443307
0.000526218
-0.00793544
0.00236932
0.015356
-0.000393137
0.00138396
0.00137864
0.000691895
0.00146711
0.00225987
0.00330386
0.00255565
0.00319635
0.00838275
0.00808106
0.00320068
0.0159074
0.015976
0.0140237
0.0770827
-0.0782132
0.0238079
-0.120335
0.0381574
0.070815
-0.0475701
0.019979
-0.0147014
-0.0144608
-0.0511058
0.392744
0.00610552
-0.452766
-0.0769048
-0.0783498
0.182243
-0.0211727
0.018275
-0.00134938
0.0644073
0.0153707
0.0189513
-0.00293851
0.00247975
0.0054752
0.0026155
0.00121542
-0.000430772
0.00196536
0.00368431
0.00550894
-0.000590542
-0.00267565
-0.00121979
0.000671964
-0.000897083
-0.0012321
-0.000945353
0.00537577
-0.0247516
0.0037401
0.00521277
-0.000500906
-0.000344361
-0.00102025
-0.000489394
0.0022587
0.00072532
0.0011612
0.00207153
-0.000193524
0.00106905
0.0029428
0.007424
0.0050008
0.00621823
0.019144
0.0164537
0.0315419
0.0074875
-0.0295361
-0.00405099
0.111423
0.0903525
-0.0350186
-0.0213152
-0.00361628
-0.0246399
0.165828
-0.0429427
-0.114713
-0.000167272
0.00759239
0.0111125
0.0211646
0.00584016
0.0078264
0.0295535
0.0112781
0.00237839
0.00463292
0.000887305
-0.00221416
0.00387895
0.00337555
-0.00449678
-0.00125808
0.000927362
0.00128822
-0.000987491
0.00392934
0.00222337
-0.000323503
0.000509768
-0.0491544
-0.100874
0.11449
-0.0945557
-0.0101033
0.0357373
0.0610697
-0.00193816
-0.00457474
0.00214502
0.00783089
0.000112432
0.00381685
-0.000237122
0.00588073
0.00182339
-0.00191842
0.00869594
0.000127708
0.00248188
-0.003448
-0.000188992
-0.0006699
-0.00187615
-0.00223267
0.00167032
0.00207258
0.000749915
0.00357256
0.00208804
0.00481674
0.023393
0.0156028
0.0265539
0.00696948
0.0382827
0.0118442
-0.0290322
-0.203423
0.0399411
-0.0602344
-0.0826013
-0.0367749
-0.155903
1.06013
0.666177
-0.16459
-0.016223
0.0724092
0.00178187
0.00426677
0.0292907
0.00131723
0.0166172
-0.163284
0.599852
0.482995
-0.0149945
0.0109825
-0.043025
-0.0838853
-0.0291955
-0.187866
-0.0430495
-0.026226
0.12651
0.140661
-0.07823
-0.0582605
0.0207597
-0.289063
0.0160359
0.0262699
0.0018032
0.0138948
0.0241815
0.00862514
0.000514224
0.00349121
0.00373729
0.00479736
-5.27984e-06
-0.000451984
0.00274737
0.000279001
-0.00057694
0.0022588
0.0065281
-0.00271621
0.00608216
0.00227586
0.00467476
-0.00333963
-0.00251061
0.000838823
0.0107973
0.00155309
0.000987711
0.000874371
-0.0026952
-0.00810319
-0.00292431
-0.00457539
-0.0116502
-0.0913415
-0.00311841
-0.0084191
0.00776607
0.0161285
-0.00409578
-0.126307
-0.201574
0.0294552
-0.023719
-0.215812
0.159312
-0.0676047
-0.0451617
-0.0510155
-0.00685887
0.0673057
0.00811788
0.023631
0.00846549
-0.0257613
0.00748633
-0.00307255
-0.00911235
-0.000439578
-0.00840572
-0.00704466
0.00111132
0.00161604
-0.00343219
0.0029823
0.00854978
0.00667724
-0.00159902
-0.00383104
0.00515232
-0.000603998
0.110785
0.00152956
-0.00169949
0.00146551
0.000967591
-0.00116538
0.000458626
-0.00399035
-0.00170525
-0.0030418
-0.00730145
-0.02109
-0.0318776
-0.0268837
-0.136436
-0.014517
-0.0718681
-0.0128434
-0.0134368
0.25374
0.0619412
-0.0434228
0.0108426
-0.0130095
-0.0159943
0.0128828
-0.0011367
-0.00894051
0.129521
0.0733684
-0.0275283
-0.0257163
-0.0652049
0.00010381
-0.056679
-0.032938
-0.00711277
-0.00357503
-0.00691469
-0.00386047
-0.00234963
-0.00733325
-0.00496771
0.00621819
0.00316757
0.00555617
0.00418648
0.00675091
-0.0032231
0.00873941
0.00199212
-0.00275551
-0.0218543
-0.00184533
-0.00240991
0.00230879
0.00282491
-0.00392712
-0.0121181
-0.0156245
-0.0251938
-0.00696649
-0.01928
-0.0175564
0.00573689
-0.0845347
0.00505364
-0.0364345
-0.13524
0.0278859
0.207801
0.113032
-0.00494823
0.0838809
-0.0588416
-0.00319571
0.00696569
-0.000705225
-0.0143331
-0.0832257
-0.0528248
-0.0632779
-0.0129535
-0.0778237
-0.102747
-0.0136229
-0.0255905
-0.0120341
0.000946176
-0.00905646
-0.00169532
-0.00889933
-0.00351689
0.00614781
-0.00343336
0.00391134
0.00399919
0.000812193
-0.0229036
-0.0109263
0.00129136
0.00229212
0.00446018
-0.0048914
-0.00211569
-0.00295991
-0.00125721
-0.0053093
-0.0157249
-0.00520116
-0.00339562
-0.00296319
-0.00450711
0.00763617
-0.0487447
-0.0026618
-0.00862901
-0.0278115
-0.0708295
0.138179
-0.0757703
0.0123991
0.471696
-0.451606
-0.158526
0.140008
0.136847
0.145056
-0.0844354
-0.0151028
-0.0439338
-0.0208811
-2.24299e-05
-0.00512936
-0.0165735
0.0044792
-0.00634412
-0.00992533
-0.010023
-0.0128347
-0.013217
-0.016085
-0.0153738
-0.00888738
-0.00915162
-0.00586286
-0.012833
-0.0106027
-0.00881353
-0.00198893
-0.000514279
-0.00342635
8.89983e-06
0.00498915
0.00337823
0.00436409
-0.00303375
-0.0292913
0.0100169
-0.00986383
0.00368957
0.00207496
0.00395784
0.00186977
0.00558786
0.00108184
-0.000956812
-0.0100783
-0.00883177
-0.00770438
-0.00843667
0.00153872
0.00366111
0.000543942
0.00513074
0.00685244
0.023466
0.0044398
-0.00399356
0.0102642
0.0195409
0.00641403
0.00752038
0.0320358
-0.00893238
-0.0239747
0.0587475
0.0412226
0.0409501
-0.0573382
-0.202642
-0.130064
0.00399052
0.146232
-0.0516726
0.101792
0.167173
-0.00186242
-0.00544872
-0.0248604
6.06265e-05
-0.00328433
0.0100283
0.0088444
0.00359204
0.0171944
0.0121215
0.0155019
0.0167437
-0.00793668
0.00501338
-0.00137524
-0.00214149
-0.00626835
-0.00242204
-0.000952568
-0.00166161
-0.00384417
-0.00322126
-0.00332074
-0.00418344
-0.00534464
-0.00658997
-0.00154027
-0.00306691
-0.00451221
-0.00493893
0.00479476
-0.0345188
0.0226271
0.0170429
-0.00780292
0.00422276
0.000557108
-0.00123458
-0.00209914
0.000625107
-0.00201029
-0.00124463
0.00191419
0.00396954
-0.00394332
-0.00414625
-0.0061925
-0.00817265
-0.00471075
-0.00284542
-0.000879926
6.83383e-05
0.00487706
0.0110763
0.0114495
0.0319214
0.0257944
-0.00475708
0.00382309
0.00353444
0.129455
-0.00629209
0.0541359
-0.0157928
-0.00595846
-0.0161214
0.0789238
-0.00202326
-0.00813872
0.0190211
0.0182113
0.00338909
0.00977896
0.00590966
0.00269844
0.00394524
0.00161141
-0.000418694
-0.0012074
0.00097801
-0.00475295
-0.00320855
-0.00417769
-0.005517
-0.0112774
-0.00832553
-0.0108226
-0.000783537
-0.00358085
1.89765e-05
-0.00219174
-0.00215632
-0.00605047
-0.00742415
-0.00320235
-0.00393571
-0.0046453
-0.00678419
-0.00759015
-0.00206285
-0.00565017
-0.000150906
-0.000926659
0.00373202
0.0015995
0.000405714
0.0277964
0.0112934
-0.00448717
-0.000812792
-0.00166481
0.00632448
0.000733573
-0.683055
0.214421
0.0894407
-0.0204766
-0.134921
-0.0723598
-0.386912
0.377503
0.278203
-0.109275
-0.292105
-0.112146
0.0185216
0.00890196
-0.00777593
0.00265613
0.0155369
0.0100085
0.0136046
0.041989
0.0563577
0.0477022
-0.00506263
-0.0430499
0.0238309
0.00186363
0.010414
0.00556545
-0.000279691
0.00225031
4.23188e-05
0.00218046
0.000958702
0.00311276
0.000544187
-0.000462362
-0.00224293
-0.00320337
-0.00598931
-0.011536
-0.0056388
-0.00631055
-0.00707745
-0.0108133
0.0406566
0.0541303
0.00650968
0.0289233
-0.0199825
-0.00194627
-0.00110061
-0.000865044
-0.00139832
-0.00548298
-0.0044634
-0.00382856
-0.000715905
0.00309316
0.00562024
-0.000425234
0.00404727
-0.0016242
0.00334551
0.0077776
0.00772962
0.0152738
0.0205241
0.0121103
0.00802145
0.0227575
-0.013663
-0.00365668
-0.0631577
-0.0737231
0.0152074
-0.0090153
0.382823
0.39704
0.330879
-0.128089
-0.0258079
-0.161546
0.045741
-0.0758449
-0.0668144
0.000939225
0.0204818
0.0132204
0.00875816
0.0284442
0.059873
-0.00676371
0.00162577
-7.43511e-05
0.00194827
0.000849806
-0.000950263
0.00138168
0.00105701
0.00173897
-0.0074325
-0.00490428
-0.00782226
-0.00457462
-0.00281632
-0.0046343
-0.00847061
0.000828619
-0.00482167
-0.00267116
-0.00245963
-0.00272597
-0.00144474
0.00663016
0.00275929
0.00161772
8.51612e-05
0.00450265
0.00207189
0.0010263
0.0155442
0.00552531
0.00237454
0.00023832
-0.00398871
-0.0106375
-0.000139961
0.00056809
-0.000647649
-0.0427633
0.379223
0.0249783
0.00234591
-0.0302548
0.720442
1.03398
-0.033075
0.0204828
0.12295
-0.148045
-0.0433278
-0.00612491
0.00523935
0.00806807
0.0151074
0.00351232
0.00591355
0.0136429
0.0176858
0.0200331
0.000699556
0.000786407
0.00203964
0.00380607
0.00213221
0.00615959
0.00093028
0.000335614
0.00223097
0.00268464
-0.000317563
0.00147825
0.00118888
0.00867708
0.00673973
0.00103776
0.000428297
0.00946735
0.00684527
-0.00911685
0.017005
-0.0150491
0.00158989
-0.000376184
-0.000292739
0.00230523
-0.000947297
-0.00271598
0.00298907
0.00179213
0.000520578
0.000544882
0.00136563
0.00782166
-0.00462737
0.00411356
-0.00322501
0.00737881
-0.327742
0.0252911
-0.135666
-0.0603581
0.137802
0.00623912
0.117553
0.121235
-0.0274988
-0.0219192
0.123003
0.0576143
0.00485089
0.00776304
-0.00712611
-0.00108099
0.00502815
0.00900561
0.00780798
0.00147386
0.00565784
0.00269538
0.00511667
-0.00150365
0.00135838
0.00150823
7.77504e-05
-0.00143961
0.0551989
-0.0228159
-6.21041e-05
-0.00110899
0.00213396
0.00145434
0.0160065
0.00317496
0.00620458
0.00629339
0.00143427
0.00201367
0.00112922
0.00133347
0.0031907
0.00927942
0.00507142
0.0035027
0.000485692
0.00245293
-0.00398973
0.00685678
0.00455685
0.0141424
-0.248804
-0.011564
-0.0387336
-0.0365882
-0.045207
-0.346829
-0.0589247
-0.00876362
-0.0096349
0.0576453
0.0748182
-0.101517
0.00362996
-0.105965
0.0561125
-0.00482754
-0.00874086
0.00336497
0.00309586
-0.00178393
-0.00271464
0.0160643
-0.00046713
0.00388686
0.000523605
-0.00143045
0.00726252
0.00508422
0.00298013
-0.000360214
0.0081639
0.00799107
0.0047767
0.00446527
0.00410061
-0.0214786
0.0517672
-0.00135392
0.00078264
-0.00381022
0.000744033
0.00105792
-0.000387399
0.0015754
-0.000751996
0.00155403
0.00604017
0.000158219
0.00183118
0.00627956
0.0150565
0.0309138
0.0110471
-0.00207686
0.0995325
0.0115438
-0.10099
-0.0672341
-0.0618243
-0.0531359
0.485879
0.00755823
-0.00590197
-0.00189089
-0.000532047
0.00262953
0.01074
0.0145648
0.00411076
0.00144496
0.00313875
0.00130472
0.00140103
-0.00046291
0.0115863
0.0049941
0.00562116
0.00117759
0.000378586
0.00487445
-0.000415527
-0.0260512
0.00321249
-0.000775057
0.00790365
3.73399e-05
0.00302606
-0.000961893
0.00145566
0.00367805
0.00645264
0.00877061
0.0036936
-0.00115128
0.00348476
0.0119337
0.00545607
-0.00217195
0.00690932
0.0993865
0.0123619
-0.0118745
0.0293057
0.51661
0.0450453
0.10733
0.0236132
0.00225327
-0.0114167
-0.0583409
-0.330387
0.0548218
4.24194e-05
-0.00153767
-0.000699017
0.00307383
0.000641422
0.00143155
0.00498807
0.00470442
0.00393141
0.00143196
0.00532747
0.00139873
-0.00215774
0.00194128
-0.0010561
0.00656788
-0.0135942
-0.0170747
-0.0300804
-0.000622242
-0.000953848
0.00513566
-0.00142095
0.000256018
0.00392085
0.00546345
0.00250908
6.29433e-06
0.00267124
8.31192e-05
9.52967e-05
0.00168881
-0.00125961
-0.0027935
0.00588202
0.00712376
0.0278446
0.0155159
-0.00803063
0.0680321
-0.0127232
-0.0223431
0.0553177
0.109121
0.191843
0.0641621
0.416009
-0.11482
-0.0258971
-0.0115698
0.052818
0.00419582
0.00864198
-0.00177304
-0.00454361
0.00230067
-0.00512593
-0.000665694
0.00402746
-0.00111382
0.004671
0.00039612
0.00552765
0.000997458
0.00254407
0.00151828
0.00329664
0.00211811
0.00455861
-0.00229786
-0.00337868
-0.00190669
-0.000800322
0.00542368
-0.00128579
0.00316215
-0.000990998
-0.00286265
-0.0138377
0.00234999
-0.000649045
-0.00134583
0.00418353
-3.12362e-05
0.00463942
-0.00019036
0.00207302
-0.000823677
0.00795798
0.00406382
-0.000452767
0.00216754
-0.000699358
0.00191783
0.00789466
0.0077398
0.00047109
0.00873448
0.00937654
-0.00421475
0.0409886
0.0529271
0.0142036
-0.0417428
0.0932706
0.0897162
-0.0109421
-0.254276
0.108275
0.0453383
-0.00302054
-0.00699361
0.00468092
0.000645487
-0.058422
-0.111424
-0.0028863
-2.20012e-05
-0.00144134
0.000175018
-0.00034891
-0.00191531
-0.000824983
0.000339653
-0.00160379
-0.000843413
0.00209868
0.00171997
0.00432699
0.00186056
-0.000619144
-0.000238393
-0.000593207
-0.000363416
0.00212985
0.000274018
0.00552985
0.00225323
0.00199142
0.00278703
-0.00207561
-0.00269845
-0.000642062
0.00370946
-0.000517426
-0.00116417
-0.000406073
0.00145678
-0.0014432
0.0200353
0.00340208
0.0281546
0.00784751
-0.0780421
-0.0531027
-0.0103735
-0.0137543
-0.0128896
-0.114292
-0.384962
-0.0743593
-0.0568284
-0.14379
-0.159505
0.0202859
0.00883455
-0.0918469
0.134881
0.260305
0.00172515
0.00218755
-0.00160297
-0.000394975
0.00340575
0.00186169
-0.00106079
0.00551372
0.00565857
0.0172528
0.00809277
0.00345938
-0.00796508
-0.00329848
-0.00117012
0.00233662
-0.00209911
-0.00235087
-0.00011434
0.00462775
0.000861902
-0.000720088
-0.00127285
0.000637082
0.00101791
-0.00314669
-0.00256193
-0.00201232
-0.000931613
0.00229234
0.0460463
0.00758968
-0.0351474
-0.0293286
0.00280695
0.0485672
0.0682173
-0.166423
-0.0572432
-0.00394405
0.0158345
0.0124136
0.00262406
-0.099215
-0.0248157
0.0019522
0.0125788
0.000108048
0.00209192
-0.000317124
-0.000646459
0.00352185
0.000862158
0.00603335
0.000425915
-0.00137393
0.00681891
0.00600494
-0.0029942
-0.00688681
-0.0022854
0.00221068
-0.000171978
0.00225243
0.000862073
0.00103041
-0.00135708
-0.000697112
-0.00262979
0.0123135
0.0135815
0.00594865
0.114315
-0.044928
0.0100379
0.0254506
-0.00199896
0.0456012
0.0025333
-0.00427231
0.00991452
0.0196128
0.00642588
-0.00338696
-0.000140083
0.0283807
-0.132739
-0.102417
0.0103211
0.0156145
0.0157653
-0.00219682
-0.000542624
-0.00194105
-0.000123547
-0.000522443
-0.00155258
-0.00148162
-0.00103445
-0.000968122
-0.00368152
0.00620428
0.00104915
0.00374213
0.00592775
0.00368634
0.000222715
-0.00266589
-0.00151385
0.00537429
0.00366118
0.000999706
0.000801936
0.0011896
0.00127194
0.00140892
-0.000522289
-0.00093767
0.00415042
0.0137917
0.0383356
0.0120153
-0.110455
-0.0269983
-0.0986317
0.0285335
0.004816
-0.00808664
-0.0172577
-0.00380225
0.0169285
-0.0047408
0.00527899
-0.0557887
0.257427
-0.0707281
0.00924803
0.0334805
-0.000455328
-0.00505458
-0.000813755
-0.00139524
-0.000250199
0.000442538
0.000737183
0.00238901
0.000261083
-0.000711443
0.00681092
-0.000388711
0.00397977
-0.00667764
-4.61645e-05
-0.000625373
0.000252631
-0.0032826
-0.0042542
0.00104574
0.00323351
-0.00167595
0.00392441
0.00208808
0.00160506
-0.00091875
0.0168433
0.0484918
0.0172198
0.0112522
-0.0178519
0.0783511
-0.0297125
0.0114782
-0.00012641
-0.0943284
0.00407114
0.00928095
-0.000347484
-0.0584929
-0.0289745
-0.0144923
0.00317657
0.0136237
0.059184
0.0189924
-0.00592026
-0.000512504
0.000616394
-0.000469713
0.00134987
0.00125023
7.29241e-05
0.000776807
0.00184474
-0.000349267
-0.00770478
0.00225619
-0.00271162
-0.00286428
0.000731701
0.000523681
0.000236129
-0.00234297
-0.0017854
-0.0024446
-0.00352172
-0.00334357
-0.00157036
0.00161431
0.000982197
0.000747685
-0.000386244
0.000961629
0.0213961
0.0056568
-0.0446863
0.0112648
0.0443279
-0.00295947
-0.00809143
-0.00519896
0.00880011
0.0150299
0.0198543
-0.0319491
0.0146014
0.00144932
0.0245236
0.0310661
-0.128708
-0.217325
-0.012689
-0.00106537
-0.000158434
0.0001298
-0.00236254
-0.00173348
-0.00141137
-0.000600114
0.00411408
-0.00333226
-0.0074959
-0.0047451
0.000415842
0.00413576
0.00721435
-0.00408455
-0.00369331
-0.00231828
0.000796669
-5.17184e-05
-8.84299e-05
0.0011354
0.00144711
0.00145593
0.000828161
-0.00139728
-0.00038405
0.014977
-0.0832964
-0.100715
0.0204182
0.0345138
0.00220072
-0.00129057
-0.00375066
-0.0137937
0.0164215
0.00550583
0.0118133
-0.00324553
0.00551965
-0.00435216
0.010892
-0.0566818
0.00552234
0.025812
0.00427226
0.0042842
0.0168173
0.0139412
0.000303742
0.00165506
0.00152542
6.71786e-05
-0.00041138
-0.000615791
-0.000492823
-0.00210167
-0.00134764
-0.00135777
-0.00298281
0.00226278
-0.00644259
0.00462979
-0.0014453
-0.00132602
-0.00062446
0.00153206
0.00150205
0.00181918
-0.00454082
-0.00144685
-0.00102537
0.000847117
-0.000748191
0.00146579
0.00338575
-0.00289413
0.00715002
0.00641523
0.0230858
-0.0934684
0.0286891
0.00604383
-0.074607
-0.0184066
-0.0588482
0.1318
-0.215255
0.0591706
0.0418601
0.0705317
-0.0680219
-0.0068667
-0.000794314
-0.000947055
0.00534918
0.00375225
-0.00154894
0.00277582
0.00715859
0.00122242
-0.00692155
-0.00466063
0.00212658
0.00738434
-0.0018475
-0.00017845
0.00145474
-0.000218547
0.00353836
-0.000169618
-0.00106772
-0.00115199
-0.000938239
1.75711e-05
-0.000344857
0.00132461
-0.00022418
0.000176094
0.00291111
-0.00745115
-0.0917735
-0.00901316
0.0198625
0.0187608
-0.00774684
0.0205143
-0.013083
0.0090624
0.0246585
-0.0351121
-0.00542461
0.0201384
-0.00416961
-0.00525853
0.055632
0.0514328
0.00835739
-0.0862426
0.0609869
-0.0220301
0.00650653
0.00408054
0.00560982
0.0372985
-0.00252336
0.0048014
-0.00164745
0.00148303
6.35489e-05
-0.000238545
0.00168557
0.00979444
-0.00125003
-0.00618259
0.00429667
0.00591701
-0.0031126
-0.00532712
0.00322881
0.00566044
0.00420331
0.00347138
-0.000152896
0.00159444
0.00165023
0.00608695
0.00672952
0.00369314
0.00555783
-0.00142242
-0.0143388
-0.042072
0.0102589
-0.00365928
-0.0100079
0.00876577
-0.0440464
0.356989
0.0114304
0.013983
-0.00674233
-0.120025
-0.00257111
0.0121953
0.00225525
0.00548225
-0.000697195
-0.00188056
0.00312826
-0.000123513
0.00239196
0.00194413
-0.0038086
0.0117441
0.00510501
-0.00720961
0.00612831
-0.00246792
-0.00299023
-0.00197958
-0.00438093
0.000489327
0.00517337
0.00577074
-0.00163209
-0.000727219
0.00185594
1.54213e-05
0.000127214
0.00394556
0.00535685
-0.000585038
0.0014304
-0.0188574
-0.0100504
-0.0176795
0.0395685
-0.00190607
0.21156
0.0229546
0.00989559
0.00384225
0.00576241
0.0150868
0.00928426
0.000147841
0.0116898
0.00376798
-0.0401205
0.00739525
-0.027543
0.00457941
0.0115696
0.0137515
-0.00162071
0.0206099
-0.00251855
-0.00203447
0.00738568
0.00168006
0.00101664
0.00249839
0.00109322
0.00479901
-0.000136695
0.00296738
0.00429191
0.000731582
0.00580686
0.00143461
-0.00120988
0.00699028
0.000998166
-0.00207768
-0.000286772
0.00525445
0.000821927
0.0151334
0.00574857
-0.00166637
-0.0344983
-0.0595854
0.0121398
0.0112138
0.000141908
0.0166131
0.0266658
0.00960941
-0.0726689
0.00283377
0.00820385
0.0106951
-0.0227551
-0.0582605
0.00549116
0.00845887
0.000501475
0.0211848
0.00204068
0.00353971
0.00203304
0.00180847
0.00115515
0.0018816
0.00510354
0.00531112
-0.00782806
0.00121286
0.00251133
-0.00315033
-0.000193267
0.00365101
-0.00103031
-0.00146688
-0.00091185
0.003949
0.00347875
0.00271097
0.000570585
0.000140908
0.00145847
0.00488597
-0.000435681
0.005824
-0.00516908
0.0219696
-0.0190347
-0.00334817
0.0135271
-0.046455
-0.0724893
0.0256889
0.0217456
0.0247392
0.00263714
0.00018255
-0.0130085
-0.0331946
-0.0217451
-0.000996334
0.0106169
0.0102645
-0.00144029
0.00377636
0.00185378
0.000466291
0.00114422
0.000780264
0.00711348
-0.00162012
0.0025919
-0.00191661
-0.0134208
0.00113843
0.00652404
0.00529191
0.00569487
0.0029843
0.000493325
0.00525624
-0.00170259
0.00339731
-0.000418412
4.66916e-05
0.000924053
0.00645928
0.00358854
0.00951376
0.0159353
-0.0319041
0.00593346
0.0345041
0.0110832
-0.00265782
0.00583222
0.0125575
0.00780651
0.0261042
-0.000640415
-0.00355746
-0.000660299
-0.070774
0.025781
0.0039229
0.0170198
-0.041334
-0.0130521
-0.0175577
-0.000710306
-0.00202932
0.007632
0.00346917
0.0024331
0.00243432
0.0020311
0.00222366
0.00539588
-0.00795997
0.0122521
0.000992065
0.00032144
-0.00683802
0.00442442
-0.00461062
-0.000870343
0.00561947
-0.00246477
0.00272212
0.000481799
0.00378255
0.00652285
0.00400711
0.00256702
0.00676421
-0.0162631
-0.0425629
-0.00423361
0.0232426
0.0228784
-0.026084
0.0103181
-0.00138317
-0.148634
0.640183
0.0142981
0.00834586
-0.075112
-0.0694412
0.0357044
0.00570112
-0.00127427
0.00367451
0.00641968
-0.0374837
-0.0019424
0.00092254
0.00130413
0.00183463
0.00151804
0.0034276
0.0125824
-0.00343008
0.00532717
0.000224405
0.00153374
0.00504005
-0.00656929
0.000531588
-0.000257534
0.000573889
0.0091501
-0.000419843
-0.000595286
-0.00203018
-0.00228924
0.000775983
-0.000267201
-0.0200208
0.00229743
0.00261413
0.00441345
0.00294957
-0.00595404
-0.0673234
0.0108818
0.00758623
-0.0115181
0.225674
-0.222995
0.0032035
0.00173261
0.0133043
0.00297617
0.00104996
-0.00239185
-0.0129285
0.00201654
0.00260062
-0.000319036
0.00140286
0.000388548
0.000319571
0.00300454
0.00176724
0.00292169
0.00253821
-0.0037074
-0.00558116
0.000182512
-0.00296334
0.00299131
-0.00782717
0.00233407
-0.00570101
-0.00363606
0.000761711
-0.00178839
0.00565624
0.00501802
0.0028934
0.000304053
0.00431537
-0.00134624
0.00497
-0.023788
0.00146686
-0.047016
0.00106609
0.000805709
3.6542e-05
0.0436788
-0.339099
0.0144799
-0.00105771
-0.00708938
-0.0125917
-0.0125014
-0.00485108
0.00237941
0.00556957
-0.000329935
0.0035205
-0.00600393
0.00553671
0.00432371
0.00307204
0.000415411
0.000861341
0.00155532
-0.000212437
0.0018201
0.0156732
0.00777532
0.00331751
0.00474638
0.00465188
0.00102417
-0.00943169
-0.0203321
0.0808859
0.0929052
-0.0253304
0.00349093
0.0157489
0.00282623
0.316564
0.0102862
-0.0182019
-0.00156107
0.0127839
-0.01856
1.30625
0.0131221
-0.00315745
0.0104934
-0.0480365
0.000655724
-0.00665064
-0.0112705
-0.00122664
0.0043237
-0.00142518
0.00176594
0.00792011
0.00416821
0.00370207
-0.000680025
-0.000472684
0.00633096
-0.000574246
-0.00914382
0.012779
0.00348485
-0.00192722
0.00248595
0.00496387
0.00560096
0.00483312
-0.00333289
0.00287337
-0.00161907
0.00402939
0.00236325
0.00133003
0.00199934
-0.00578768
0.00130642
-0.0197857
0.00287737
0.00517851
-0.0066831
0.0126985
0.0114745
-0.0470833
0.00832299
-0.00420688
-0.182195
0.00857708
0.010778
-0.026155
-0.0102399
0.000223898
-0.000569967
0.00298778
-0.0109716
-0.00168798
0.00652999
-0.000995867
0.0056052
-0.00622902
-0.00359448
0.00832933
0.00378321
0.00253568
-0.000458776
-0.00599543
0.0237469
0.00780878
-0.0163821
0.00378711
0.0107038
0.0204294
-0.0271071
-0.333882
0.0021242
0.0126971
-0.0341406
0.0258974
0.015068
0.00928176
0.00366165
-0.000274901
0.00660213
0.63368
0.00290017
-0.00533403
-0.00197315
-0.00762227
-0.0148577
0.00660308
0.00390229
0.00582586
0.0043578
-0.000121946
-0.00178661
-0.000309891
0.000372999
0.00490894
0.0134362
-0.00774266
0.00168589
-0.00213503
-0.000527091
0.00204671
-0.000929527
-0.00575256
-0.0098083
-0.00115868
0.00650506
0.00244937
-0.000633033
-0.041766
-0.00350357
0.0161146
-0.00264642
0.00336014
0.202879
-0.0225605
0.0257061
0.00519249
0.00725267
0.00814696
-0.000725825
0.0929466
0.00321549
0.00245424
0.0674545
-0.0450795
-0.00911674
0.0116912
-0.000659069
0.00245332
-0.00108884
-0.00628343
-0.00358705
-0.00407286
0.000441842
0.00107251
-0.00771208
0.00468403
-0.00749356
0.00576781
-0.000834333
0.0109074
0.0145938
0.00350943
0.00251719
0.00269036
0.00232806
-0.00257346
0.0123778
-0.00283929
0.00278485
-0.00151775
0.0126161
0.0433425
0.0313062
0.0249148
-0.085001
0.0276973
0.00943404
-0.109511
-0.0073798
0.0131771
-0.00046928
0.00307619
0.0023007
0.00867244
0.00363891
-0.00569441
-0.00853012
-0.0103542
3.93146e-05
0.00303269
0.000508797
0.00114997
-0.0077865
-0.000726989
-0.00452072
0.00493557
0.0026041
0.00513328
-0.00914297
-0.00912117
0.000635175
-0.0002407
0.00513377
-0.00592422
0.0292608
0.0151306
-0.00188907
0.00720114
0.00823019
0.00326232
-0.0884756
0.00946213
0.00908558
0.00173592
0.00299372
0.00143531
0.00481896
0.00285094
-0.00502857
0.00332962
0.00168275
0.00451988
0.00385086
-0.00135923
-0.00180797
0.0029637
-0.00151118
-0.00102599
-0.00566744
0.0151682
0.00279723
0.00310421
0.000304484
-0.00422343
-0.00579359
0.0054481
0.000404155
0.00342765
-0.000181387
-0.000407482
0.00469983
0.0251079
0.0104067
-0.00525373
0.00288799
0.0162383
0.00285786
-0.0021511
0.00170328
0.00527637
-0.0963004
-0.0967015
0.000805612
-0.213452
-0.0354372
0.00334839
0.0369061
-0.000639833
0.000127898
0.0199738
0.00401075
-0.0057486
-7.73904e-05
-0.00175856
-0.000536272
0.00555013
-0.00480655
0.00741403
0.00262287
-0.0141843
-0.00999758
-0.0129976
0.00177667
0.00263758
0.00225926
0.00319978
-0.000155524
0.0289068
0.0270913
0.00648353
0.00541925
0.00579087
0.0320423
0.0180658
0.0133874
0.0061187
-0.00299389
0.00142903
0.00149624
0.00163148
-0.00166263
-0.00171767
-0.000633919
0.00509668
0.00135467
0.000688685
-0.0127399
0.0129363
-0.00454474
-0.00011418
-0.00295341
-0.00697945
-0.00258065
0.000300119
-0.00825864
-0.126211
-0.0249778
0.00430535
0.0110778
0.00796265
0.00985152
-0.00256758
0.0200297
0.0142589
-0.00655333
0.00427592
0.00189701
0.00295821
0.0123032
-0.000273364
-0.00114122
0.0039661
0.00282085
-0.00408355
-0.00453594
0.00349012
0.000989508
0.00461045
-0.00329703
-0.000534271
0.00867595
0.0128369
-0.0200733
-0.00517315
-0.00134632
0.000234115
0.00395247
-0.00373432
-0.000140121
-0.00074049
0.0126213
0.00696251
0.00328224
0.0163028
0.00840322
-0.0670624
0.01872
0.0421258
0.00135972
0.00128406
0.00215651
-0.0128555
-0.00330156
-0.0050573
-0.00390497
0.00251261
-0.000899065
-0.0054823
0.0119276
0.00435229
-0.00580255
0.00356245
0.00461859
0.00150155
2.86173e-05
0.144827
-0.0143938
0.00238717
0.0218384
-0.00403161
0.002913
-0.0495686
-0.00228249
-0.000216285
0.00497974
-0.00104181
0.00261454
-5.11789e-05
0.00162019
0.0010988
0.00236852
0.00330076
0.00122804
0.00375559
-0.0082953
-0.142454
-0.0370394
-0.00590877
0.00683412
0.000365846
-0.0155454
0.00714938
-0.000874396
0.00817276
-0.00486319
-0.00264599
0.00634077
0.00176084
0.00358716
0.00582348
0.000185844
0.00864983
0.00191995
0.00719253
0.0186328
0.00120375
0.00195636
0.00228333
-0.00103777
0.0213821
0.000566548
-0.000247031
0.003759
-0.0016915
-0.000628157
-0.00256308
0.00350275
0.00191822
0.00218649
0.00890388
0.00570062
-0.000838286
0.010004
-0.0192398
-0.0051806
0.00390688
-5.94994e-05
0.0283431
0.00614394
-0.00144959
0.00466989
0.00149356
-0.0012284
0.00348306
0.000250285
0.00153487
0.00586677
0.000202719
0.00613935
0.000398161
0.0019046
0.00560642
-3.17805e-05
0.00463647
-0.000718296
0.00334031
0.00482033
-0.00841975
-0.00223034
0.00341262
0.000850072
-0.00218889
0.00333877
0.000902318
0.017231
0.00808318
0.00274009
-0.00819029
-0.00198288
0.000519208
0.000907225
0.0172242
0.0012815
-3.39814e-05
0.00335294
0.00655322
-0.000241537
0.000179123
-0.00108511
0.000435435
0.00531112
0.00600822
0.0109858
0.00102578
-0.00356011
-0.0131777
0.00253496
0.00293919
-0.000254569
0.00471579
0.00339286
-0.00280074
0.00622587
-0.101253
